19 7 12 1 0 6 5 2 3 7 4 
20 6 14 0 3 6 4 1 2 7 5 
20 10 10 1 2 0 3 5 7 6 4 
20 14 6 2 3 7 6 1 4 5 0 
22 8 14 2 1 3 0 4 5 7 6 
19 7 12 1 0 3 4 5 2 7 6 
18 12 6 3 1 2 4 5 7 6 0 
19 9 10 2 3 6 4 0 5 7 1 
21 11 10 6 1 2 3 4 5 7 0 
20 6 14 1 3 7 6 2 0 4 5 
20 10 10 0 3 6 4 1 5 7 2 
20 14 6 0 3 6 7 2 5 4 1 
20 10 10 0 2 3 7 1 5 6 4 
22 8 14 5 3 7 6 2 0 4 1 
22 12 10 1 2 0 3 5 7 6 4 
22 12 10 3 1 6 4 5 2 7 0 
23 13 10 2 5 7 6 1 3 4 0 
22 10 12 0 3 7 6 1 2 5 4 
21 11 10 2 3 6 1 4 5 7 0 
22 6 16 2 3 6 0 1 5 7 4 
22 12 10 0 3 6 7 4 5 2 1 
16 12 4 1 2 3 6 5 4 7 0 
20 10 10 6 2 3 1 4 5 7 0 
22 6 16 2 3 7 6 1 5 0 4 
18 6 12 0 3 7 6 5 2 4 1 
20 8 12 2 1 3 0 6 5 7 4 
14 8 6 1 3 6 4 2 5 7 0 
23 11 12 1 0 3 2 4 5 7 6 
15 9 6 1 2 3 5 6 7 4 0 
19 11 8 0 3 6 4 2 5 7 1 
18 6 12 1 3 0 6 2 5 7 4 
22 6 16 0 2 6 1 5 7 3 4 
21 9 12 0 3 6 7 1 2 4 5 
22 6 16 2 1 0 6 5 7 3 4 
19 7 12 0 1 3 5 6 2 7 4 
20 8 12 1 2 3 4 0 5 7 6 
22 10 12 0 2 6 1 4 5 7 3 
23 9 14 5 3 7 6 2 4 0 1 
21 11 10 0 4 3 6 5 2 7 1 
18 6 12 1 2 0 3 4 5 7 6 
21 9 12 5 3 7 6 1 2 4 0 
21 11 10 1 3 0 7 4 5 6 2 
19 11 8 0 3 6 4 2 5 7 1 
22 6 16 0 2 3 6 1 7 4 5 
22 14 8 0 4 2 3 6 5 7 1 
18 4 14 2 0 3 6 1 5 7 4 
19 7 12 0 2 3 1 4 5 7 6 
22 8 14 1 0 4 3 5 2 7 6 
23 15 8 3 2 1 6 4 5 7 0 
21 7 14 5 3 6 4 0 2 7 1 
22 12 10 4 2 7 6 1 3 5 0 
22 8 14 0 1 7 6 2 3 4 5 
21 13 8 1 2 3 0 5 6 7 4 
21 11 10 3 2 6 4 1 5 7 0 
21 5 16 1 3 6 7 5 2 0 4 
22 12 10 1 3 6 7 0 2 5 4 
19 7 12 1 2 6 4 5 0 7 3 
20 10 10 6 2 3 1 4 5 7 0 
20 10 10 0 3 6 5 4 2 7 1 
19 13 6 0 2 4 3 6 5 7 1 
22 14 8 0 2 4 6 3 5 7 1 
23 11 12 0 2 6 5 1 3 7 4 
23 13 10 4 3 7 6 1 2 5 0 
18 2 16 1 3 6 0 5 2 7 4 
20 8 12 0 1 2 6 5 7 4 3 
21 13 8 3 2 4 1 5 7 6 0 
18 14 4 0 3 6 7 2 4 5 1 
23 9 14 4 2 6 1 5 7 3 0 
20 4 16 0 3 6 1 5 2 7 4 
20 10 10 0 5 6 4 2 3 7 1 
21 11 10 6 1 3 4 5 2 7 0 
21 7 14 1 2 6 0 5 7 4 3 
22 8 14 1 2 0 4 5 7 3 6 
18 10 8 1 3 6 2 4 5 7 0 
22 6 16 2 5 3 6 0 1 7 4 
20 8 12 4 2 3 6 0 5 7 1 
20 10 10 0 5 7 6 2 3 4 1 
13 3 10 1 3 7 6 5 2 4 0 
18 10 8 0 2 6 4 3 5 7 1 
23 9 14 1 0 2 4 5 7 3 6 
22 12 10 3 0 7 6 2 4 5 1 
21 9 12 5 3 6 4 1 2 7 0 
8 4 4 1 2 3 6 4 5 7 0 
21 11 10 4 2 3 0 6 5 7 1 
22 10 12 6 1 2 3 5 7 4 0 
23 7 16 2 0 1 6 5 7 3 4 
23 9 14 1 2 3 7 5 6 0 4 
21 9 12 1 3 7 6 0 2 5 4 
19 9 10 1 2 4 6 0 5 7 3 
20 8 12 2 5 3 6 4 1 7 0 
19 5 14 2 0 3 6 5 1 7 4 
22 8 14 2 3 7 6 0 1 5 4 
22 10 12 1 2 3 4 0 7 6 5 
19 9 10 1 2 3 0 5 7 6 4 
23 13 10 1 0 6 4 3 5 7 2 
20 6 14 1 3 0 7 5 2 6 4 
23 5 18 5 1 3 0 6 2 7 4 
23 9 14 5 0 7 6 2 3 4 1 
14 4 10 4 1 3 6 5 2 7 0 
23 9 14 1 2 6 5 3 0 7 4 
19 7 12 0 1 3 4 5 2 7 6 
16 6 10 1 2 0 3 6 5 7 4 
22 14 8 2 3 7 6 1 5 4 0 
23 15 8 4 3 6 7 2 1 5 0 
22 8 14 0 1 3 7 5 2 6 4 
21 11 10 4 1 6 5 2 3 7 0 
23 11 12 0 1 6 7 2 3 4 5 
20 8 12 1 2 6 0 4 5 7 3 
22 18 4 1 3 2 4 5 7 6 0 
13 7 6 2 1 3 6 4 5 7 0 
12 8 4 1 3 7 6 2 4 5 0 
21 7 14 0 5 3 6 2 1 7 4 
21 13 8 3 2 4 6 1 5 7 0 
21 7 14 1 3 7 6 4 5 0 2 
19 11 8 2 0 4 3 5 7 6 1 
11 3 8 1 3 6 4 5 2 7 0 
18 8 10 0 2 6 4 5 7 3 1 
22 14 8 4 2 3 1 5 7 6 0 
19 9 10 1 2 3 7 0 5 6 4 
22 12 10 0 6 2 3 4 5 7 1 
22 10 12 5 3 0 6 2 4 7 1 
14 10 4 1 2 4 3 6 5 7 0 
15 11 4 1 2 4 3 6 5 7 0 
20 6 14 1 2 6 4 5 7 0 3 
22 8 14 1 0 3 6 4 2 7 5 
22 12 10 3 2 4 0 5 7 6 1 
13 7 6 0 2 3 6 4 5 7 1 
22 12 10 0 3 6 2 4 5 7 1 
22 12 10 4 2 0 3 6 5 7 1 
20 8 12 1 2 6 4 0 5 7 3 
20 8 12 1 3 6 7 0 2 4 5 
22 8 14 6 2 3 0 5 7 4 1 
19 5 14 1 3 7 6 0 2 4 5 
23 5 18 6 0 1 3 5 2 7 4 
23 15 8 4 1 2 3 5 7 6 0 
19 9 10 4 2 3 6 5 1 7 0 
16 6 10 5 1 3 4 6 2 7 0 
20 8 12 1 2 3 4 5 0 7 6 
14 4 10 6 1 3 4 5 2 7 0 
10 8 2 1 2 3 4 5 7 6 0 
23 13 10 3 2 6 1 4 5 7 0 
23 9 14 1 2 0 3 6 7 4 5 
23 13 10 0 1 3 7 2 4 6 5 
20 6 14 0 3 7 6 1 2 4 5 
23 13 10 0 1 6 7 4 3 5 2 
19 13 6 2 3 7 6 1 4 5 0 
21 13 8 3 2 4 1 5 7 6 0 
23 15 8 4 2 6 7 1 3 5 0 
21 7 14 1 0 3 7 5 2 6 4 
21 13 8 0 3 6 5 1 4 7 2 
23 11 12 4 5 3 6 1 2 7 0 
16 10 6 2 3 6 7 1 5 4 0 
20 8 12 0 1 2 3 4 5 7 6 
21 9 12 0 3 7 6 2 1 5 4 
20 10 10 1 0 3 6 5 7 4 2 
23 15 8 1 0 6 7 3 4 5 2 
23 13 10 0 1 6 7 2 3 5 4 
21 9 12 1 0 4 6 5 2 7 3 
22 10 12 2 3 6 7 1 0 5 4 
20 14 6 1 2 6 4 5 3 7 0 
20 8 12 2 3 0 6 5 7 4 1 
15 7 8 1 2 0 4 5 7 6 3 
18 8 10 1 2 4 0 5 7 6 3 
14 12 2 1 2 3 5 4 6 7 0 
22 16 6 0 3 4 6 2 5 7 1 
20 10 10 4 1 3 5 6 2 7 0 
23 9 14 0 1 3 2 5 7 4 6 
23 13 10 1 2 6 7 0 3 5 4 
22 8 14 1 0 6 5 3 2 7 4 
22 12 10 1 3 6 4 0 5 7 2 
20 8 12 1 3 0 6 2 4 7 5 
21 9 12 1 3 6 0 4 5 7 2 
20 14 6 2 3 7 6 1 4 5 0 
21 7 14 1 2 4 6 5 7 0 3 
17 9 8 1 0 3 6 4 5 7 2 
17 11 6 1 2 3 7 4 5 6 0 
22 10 12 5 3 7 6 2 4 1 0 
21 7 14 1 3 6 0 2 5 7 4 
22 6 16 1 3 6 7 5 0 2 4 
18 10 8 0 3 6 4 2 5 7 1 
14 14 0 1 2 3 4 5 6 7 0 
23 13 10 4 0 2 3 6 5 7 1 
18 4 14 2 1 3 6 5 0 7 4 
20 8 12 1 3 7 6 4 0 5 2 
22 12 10 1 0 3 7 4 5 6 2 
18 6 12 0 2 3 6 5 1 7 4 
20 12 8 0 2 6 3 4 5 7 1 
23 11 12 5 1 6 4 2 3 7 0 
20 2 18 5 1 3 6 0 2 7 4 
13 9 4 2 1 3 4 6 5 7 0 
20 8 12 4 1 2 6 5 7 3 0 
20 10 10 2 0 6 4 5 3 7 1 
21 13 8 0 2 6 4 3 5 7 1 
20 14 6 1 3 6 7 4 2 5 0 
17 7 10 2 0 3 6 5 7 4 1 
14 8 6 1 3 7 6 2 5 4 0 
21 13 8 1 5 6 4 2 3 7 0 
21 3 18 6 1 3 0 5 2 7 4 
18 6 12 0 1 3 6 2 5 7 4 
23 13 10 4 1 7 6 2 3 5 0 
19 11 8 1 3 7 6 4 2 5 0 
23 11 12 3 0 7 6 1 4 5 2 
21 9 12 1 0 7 6 2 3 5 4 
18 10 8 1 0 2 4 6 5 7 3 
23 13 10 0 1 7 6 3 4 5 2 
21 13 8 0 2 3 7 5 6 4 1 
21 7 14 1 5 3 6 0 2 7 4 
19 5 14 0 5 3 6 2 1 7 4 
19 9 10 0 1 3 6 5 7 4 2 
13 9 4 0 2 3 4 6 5 7 1 
20 10 10 1 2 0 3 5 7 6 4 
22 14 8 1 4 3 6 5 2 7 0 
23 13 10 0 1 3 7 4 5 6 2 
21 9 12 1 2 3 5 6 0 7 4 
23 5 18 5 3 0 6 2 1 7 4 
20 16 4 2 3 6 7 1 4 5 0 
14 10 4 1 3 6 5 2 4 7 0 
20 10 10 0 2 4 1 5 7 6 3 
21 11 10 1 3 0 7 2 5 6 4 
22 10 12 2 1 0 6 4 5 7 3 
20 12 8 2 3 7 6 0 4 5 1 
20 8 12 1 0 3 5 6 2 7 4 
22 10 12 0 1 7 6 2 3 5 4 
22 14 8 2 3 6 5 0 4 7 1 
17 9 8 1 2 0 4 6 5 7 3 
20 10 10 0 2 4 1 5 7 6 3 
23 15 8 1 6 2 3 4 5 7 0 
22 14 8 0 3 6 7 1 5 4 2 
21 13 8 4 1 3 2 6 5 7 0 
15 11 4 0 2 3 4 5 7 6 1 
21 9 12 6 2 3 0 4 5 7 1 
17 7 10 1 0 2 3 6 5 7 4 
22 12 10 4 2 0 3 6 5 7 1 
20 8 12 2 0 3 1 6 5 7 4 
21 17 4 2 3 6 7 1 4 5 0 
22 8 14 3 6 0 4 5 2 7 1 
23 17 6 1 3 4 2 6 5 7 0 
23 7 16 6 1 0 4 5 2 7 3 
22 14 8 3 0 2 4 5 7 6 1 
21 5 16 2 1 3 6 5 7 0 4 
21 13 8 1 5 7 6 2 3 4 0 
20 10 10 2 3 6 4 0 5 7 1 
23 9 14 0 1 6 5 3 2 7 4 
23 13 10 5 1 3 6 2 4 7 0 
19 13 6 1 3 6 7 0 4 5 2 
20 12 8 1 2 6 5 4 3 7 0 
21 7 14 1 3 7 6 2 4 0 5 
23 13 10 4 0 2 3 6 5 7 1 
22 12 10 1 0 3 7 2 5 6 4 
22 14 8 0 4 2 3 6 5 7 1 
22 10 12 1 2 7 6 0 3 5 4 
18 12 6 1 3 6 7 0 4 5 2 
23 17 6 1 4 2 3 6 5 7 0 
20 8 12 1 2 3 4 0 5 7 6 
21 11 10 0 3 7 6 1 5 4 2 
22 14 8 0 4 2 3 6 5 7 1 
22 10 12 0 1 3 2 4 5 7 6 
22 10 12 4 5 3 6 2 1 7 0 
20 10 10 1 3 7 6 0 5 4 2 
19 11 8 0 1 2 4 6 5 7 3 
22 12 10 1 0 6 4 5 3 7 2 
12 0 12 1 0 3 6 5 2 7 4 
22 8 14 1 2 0 4 5 7 3 6 
20 12 8 0 5 3 6 2 4 7 1 
19 7 12 1 0 2 6 5 7 4 3 
23 13 10 6 1 3 2 4 5 7 0 
23 17 6 2 3 4 6 1 5 7 0 
20 10 10 1 3 6 4 0 5 7 2 
23 13 10 2 0 1 4 6 5 7 3 
23 9 14 2 3 6 7 1 5 0 4 
18 8 10 1 2 4 0 5 7 6 3 
21 9 12 0 2 3 4 1 5 7 6 
22 10 12 6 2 0 3 4 5 7 1 
20 6 14 1 5 3 6 2 0 7 4 
23 9 14 1 0 2 4 5 7 3 6 
22 8 14 1 2 4 3 0 5 7 6 
23 17 6 1 4 2 3 6 5 7 0 
20 14 6 1 3 6 4 2 5 7 0 
21 13 8 2 0 4 3 5 7 6 1 
22 12 10 2 4 0 3 5 7 6 1 
22 16 6 2 3 6 5 1 4 7 0 
20 8 12 1 2 3 4 5 0 7 6 
21 11 10 0 2 4 6 5 7 3 1 
22 12 10 6 2 3 4 1 5 7 0 
21 13 8 0 3 6 7 1 5 4 2 
23 5 18 5 0 3 6 1 2 7 4 
20 8 12 2 5 3 6 4 1 7 0 
23 17 6 3 2 1 4 6 5 7 0 
23 13 10 2 1 7 6 4 3 5 0 
13 1 12 0 1 3 6 5 2 7 4 
23 13 10 0 1 3 7 2 5 6 4 
23 7 16 2 1 3 0 5 7 4 6 
16 10 6 0 2 4 3 5 7 6 1 
21 7 14 0 1 3 6 4 2 7 5 
15 1 14 1 3 0 6 5 2 7 4 
22 14 8 0 2 1 4 6 5 7 3 
22 14 8 1 4 3 6 5 2 7 0 
21 11 10 4 3 6 7 1 5 2 0 
22 12 10 0 2 6 7 1 3 5 4 
19 5 14 0 1 2 6 5 7 3 4 
21 9 12 1 0 3 6 2 4 7 5 
21 9 12 0 2 3 4 1 5 7 6 
21 11 10 4 2 3 0 6 5 7 1 
21 9 12 5 3 6 4 1 2 7 0 
16 8 8 1 2 6 3 5 7 4 0 
19 13 6 0 3 6 7 1 4 5 2 
16 10 6 2 0 3 4 6 5 7 1 
20 12 8 0 2 3 5 6 7 4 1 
23 9 14 0 3 6 1 2 5 7 4 
23 13 10 4 0 2 3 6 5 7 1 
22 10 12 0 1 3 6 2 4 7 5 
23 5 18 0 1 7 6 5 3 2 4 
23 7 16 1 0 6 7 5 3 2 4 
21 11 10 0 2 3 1 5 7 6 4 
22 10 12 4 0 3 6 5 2 7 1 
23 11 12 2 0 6 7 1 3 5 4 
23 13 10 0 1 6 4 5 3 7 2 
20 6 14 0 5 3 6 1 2 7 4 
21 13 8 1 3 6 7 0 5 4 2 
13 5 8 1 2 6 4 5 7 3 0 
23 13 10 3 1 4 6 5 2 7 0 
23 11 12 0 2 3 4 1 7 6 5 
16 2 14 1 2 3 6 5 7 0 4 
22 10 12 1 3 6 7 4 5 0 2 
16 4 12 5 1 3 6 4 2 7 0 
22 8 14 0 3 6 2 1 5 7 4 
23 11 12 2 5 6 4 0 3 7 1 
21 9 12 1 3 6 7 2 0 4 5 
20 6 14 1 3 0 4 5 2 7 6 
18 8 10 1 0 2 6 4 5 7 3 
22 12 10 6 2 3 4 1 5 7 0 
19 9 10 4 1 3 6 2 5 7 0 
22 8 14 0 1 6 4 2 3 7 5 
19 9 10 0 3 6 7 5 2 4 1 
23 11 12 2 6 0 4 5 3 7 1 
22 12 10 0 3 6 7 2 1 5 4 
23 15 8 0 4 3 2 5 7 6 1 
19 9 10 4 1 3 6 2 5 7 0 
19 9 10 4 3 6 5 1 2 7 0 
23 13 10 2 4 3 0 5 7 6 1 
23 17 6 1 4 2 3 6 5 7 0 
23 11 12 6 0 2 3 4 5 7 1 
21 11 10 4 2 3 0 6 5 7 1 
16 10 6 1 2 6 4 3 5 7 0 
18 4 14 1 3 7 6 0 5 2 4 
23 11 12 5 1 7 6 2 3 4 0 
18 10 8 0 3 7 6 2 5 4 1 
21 7 14 1 0 6 4 2 3 7 5 
22 8 14 0 5 3 6 1 2 7 4 
23 9 14 0 2 4 3 1 5 7 6 
21 7 14 0 1 2 3 5 7 4 6 
21 13 8 4 2 3 7 1 5 6 0 
19 7 12 1 0 2 3 4 5 7 6 
22 12 10 0 1 2 3 5 7 6 4 
22 12 10 1 0 7 6 3 4 5 2 
22 4 18 1 0 7 6 5 3 2 4 
19 11 8 4 1 2 3 6 5 7 0 
22 12 10 1 0 4 6 2 5 7 3 
23 15 8 4 1 2 3 5 7 6 0 
8 6 2 1 2 3 4 6 5 7 0 
20 8 12 1 3 7 6 2 0 5 4 
22 14 8 2 4 3 1 5 7 6 0 
23 15 8 2 3 6 7 0 5 4 1 
22 14 8 1 3 0 4 6 5 7 2 
17 5 12 1 0 3 6 2 5 7 4 
21 11 10 1 0 3 2 6 5 7 4 
23 9 14 1 2 4 3 0 7 6 5 
22 14 8 2 0 4 3 6 5 7 1 
23 19 4 1 3 4 6 2 5 7 0 
18 10 8 4 2 3 1 6 5 7 0 
18 12 6 0 2 4 3 5 7 6 1 
22 14 8 0 4 2 3 6 5 7 1 
21 7 14 1 2 3 4 5 7 0 6 
23 13 10 0 1 3 7 2 5 6 4 
22 10 12 1 2 3 6 0 4 7 5 
15 11 4 1 3 6 7 2 5 4 0 
21 11 10 1 3 6 7 2 0 5 4 
20 8 12 0 1 3 4 5 2 7 6 
22 12 10 1 0 3 7 2 5 6 4 
23 11 12 2 5 7 6 0 3 4 1 
23 9 14 1 3 6 2 0 5 7 4 
20 14 6 0 2 4 3 6 5 7 1 
17 5 12 1 3 6 5 0 2 7 4 
18 8 10 0 1 2 3 6 5 7 4 
21 11 10 1 3 6 7 4 0 5 2 
19 9 10 0 1 2 6 4 5 7 3 
21 11 10 0 4 3 6 5 2 7 1 
22 6 16 2 5 3 6 0 1 7 4 
23 11 12 2 0 1 6 4 5 7 3 
22 4 18 6 1 0 3 5 2 7 4 
20 4 16 1 2 6 0 5 7 3 4 
21 7 14 1 5 3 6 0 2 7 4 
17 11 6 0 3 7 6 2 4 5 1 
22 10 12 1 3 6 7 2 4 0 5 
22 12 10 2 1 0 4 6 5 7 3 
23 9 14 6 2 0 3 5 7 4 1 
20 12 8 2 3 6 7 0 5 4 1 
15 7 8 2 3 6 4 1 5 7 0 
20 10 10 2 3 7 6 4 1 5 0 
22 12 10 1 0 6 7 2 3 5 4 
16 6 10 4 2 3 6 1 5 7 0 
18 12 6 2 0 3 4 5 7 6 1 
22 10 12 6 2 3 4 0 5 7 1 
20 8 12 3 2 6 4 5 0 7 1 
18 8 10 1 3 0 6 4 5 7 2 
22 14 8 0 3 4 2 6 5 7 1 
21 5 16 2 5 3 6 1 0 7 4 
17 9 8 1 3 7 6 0 4 5 2 
14 6 8 1 3 6 7 5 2 4 0 
16 6 10 0 3 6 4 5 2 7 1 
22 10 12 2 0 1 3 6 5 7 4 
18 10 8 0 3 7 6 1 4 5 2 
13 1 12 1 2 3 6 5 0 7 4 
14 2 12 1 2 3 6 0 5 7 4 
21 9 12 4 2 3 6 5 0 7 1 
21 13 8 2 3 4 1 6 5 7 0 
23 7 16 1 0 7 6 3 5 2 4 
23 11 12 1 3 0 6 5 7 4 2 
20 2 18 1 3 7 6 5 2 0 4 
16 8 8 2 0 3 6 4 5 7 1 
18 6 12 1 2 0 6 5 7 4 3 
21 11 10 1 3 0 7 2 4 6 5 
23 11 12 4 1 3 7 5 2 6 0 
22 12 10 3 2 6 4 1 5 7 0 
15 9 6 1 2 6 3 4 5 7 0 
20 6 14 1 0 2 3 5 7 4 6 
17 9 8 1 3 6 7 4 5 2 0 
22 14 8 4 2 3 1 5 7 6 0 
20 12 8 1 2 7 6 4 3 5 0 
21 15 6 1 2 6 7 4 3 5 0 
20 10 10 0 1 3 2 6 5 7 4 
21 9 12 1 0 7 6 4 3 5 2 
20 14 6 3 1 2 4 6 5 7 0 
18 10 8 1 3 7 6 0 4 5 2 
23 15 8 3 2 4 1 6 5 7 0 
22 6 16 1 2 4 3 5 7 0 6 
19 13 6 0 3 6 7 2 5 4 1 
21 9 12 2 3 6 4 5 0 7 1 
23 11 12 0 2 3 6 1 4 7 5 
22 6 16 0 6 1 3 5 2 7 4 
23 13 10 4 0 2 3 6 5 7 1 
23 11 12 4 3 6 2 1 5 7 0 
15 3 12 0 2 3 6 1 5 7 4 
21 9 12 2 1 0 3 6 5 7 4 
21 9 12 0 2 6 4 1 5 7 3 
16 8 8 1 0 2 4 5 7 6 3 
13 11 2 1 3 6 7 2 4 5 0 
19 7 12 1 3 6 7 0 5 2 4 
21 11 10 0 2 6 3 5 7 4 1 
21 9 12 4 5 3 6 1 2 7 0 
23 11 12 2 0 3 7 1 5 6 4 
21 11 10 2 0 6 4 3 5 7 1 
23 13 10 4 2 3 0 5 7 6 1 
21 3 18 1 3 7 6 5 0 2 4 
19 11 8 1 0 3 6 4 5 7 2 
23 11 12 1 2 4 5 0 7 6 3 
21 17 4 2 3 6 7 1 4 5 0 
23 13 10 0 1 4 6 2 5 7 3 
23 13 10 1 0 7 6 3 4 5 2 
20 8 12 0 3 6 7 1 5 2 4 
22 10 12 1 2 6 5 0 3 7 4 
22 6 16 2 3 0 6 5 1 7 4 
23 9 14 2 1 0 3 4 5 7 6 
21 13 8 2 3 6 7 4 1 5 0 
22 12 10 6 2 3 4 1 5 7 0 
21 15 6 0 3 2 4 5 7 6 1 
22 16 6 2 3 6 5 1 4 7 0 
18 4 14 1 2 3 0 5 7 4 6 
22 10 12 4 0 3 6 5 2 7 1 
17 3 14 1 2 0 6 5 7 3 4 
21 7 14 1 2 4 3 5 0 7 6 
21 3 18 5 1 3 6 2 0 7 4 
19 5 14 2 3 0 6 1 5 7 4 
22 12 10 4 2 0 3 6 5 7 1 
19 7 12 3 0 6 4 5 2 7 1 
19 9 10 2 3 7 6 0 5 4 1 
21 13 8 3 2 0 4 5 7 6 1 
18 6 12 0 3 6 5 1 2 7 4 
16 8 8 1 2 4 6 5 7 3 0 
18 10 8 0 1 3 6 4 5 7 2 
17 7 10 0 2 3 1 6 5 7 4 
23 9 14 1 3 6 0 2 4 7 5 
23 15 8 2 3 4 6 0 5 7 1 
23 11 12 5 3 6 7 2 0 4 1 
22 4 18 5 0 3 6 2 1 7 4 
22 8 14 2 0 3 1 4 5 7 6 
22 12 10 2 3 7 6 0 5 4 1 
23 9 14 0 2 6 1 5 7 4 3 
23 13 10 2 5 6 4 1 3 7 0 
23 15 8 2 5 3 6 1 4 7 0 
21 7 14 1 3 7 6 2 5 0 4 
22 10 12 0 1 7 6 4 3 5 2 
22 8 14 5 3 6 4 2 0 7 1 
23 11 12 3 0 7 6 2 5 4 1 
22 12 10 4 3 7 6 2 1 5 0 
16 10 6 1 2 3 7 5 6 4 0 
21 9 12 6 2 3 1 5 7 4 0 
21 15 6 0 2 3 6 5 4 7 1 
23 17 6 1 4 2 3 6 5 7 0 
21 7 14 2 1 3 6 0 5 7 4 
20 8 12 0 1 6 5 2 3 7 4 
20 10 10 0 3 7 6 1 5 4 2 
20 8 12 4 3 7 6 1 5 2 0 
22 12 10 1 3 0 6 4 5 7 2 
23 13 10 0 3 6 2 4 5 7 1 
21 9 12 6 2 3 1 5 7 4 0 
22 12 10 5 3 6 7 1 2 4 0 
23 9 14 1 2 3 6 4 0 7 5 
22 12 10 1 0 6 7 4 3 5 2 
19 11 8 0 3 7 6 2 5 4 1 
20 8 12 4 5 3 6 2 1 7 0 
11 7 4 1 2 4 3 5 7 6 0 
22 14 8 0 2 3 7 4 5 6 1 
22 8 14 1 2 3 7 5 0 6 4 
23 11 12 1 3 6 4 5 0 7 2 
21 13 8 3 2 4 1 5 7 6 0 
15 7 8 2 3 7 6 1 5 4 0 
21 7 14 5 3 7 6 0 2 4 1 
21 11 10 0 3 6 4 1 5 7 2 
19 13 6 0 3 6 5 2 4 7 1 
9 3 6 1 2 3 6 5 7 4 0 
18 6 12 0 1 3 6 2 5 7 4 
20 12 8 3 1 2 6 4 5 7 0 
23 9 14 0 1 4 3 5 2 7 6 
17 5 12 1 2 3 0 4 5 7 6 
20 8 12 4 2 3 6 0 5 7 1 
15 5 10 1 2 3 0 6 5 7 4 
13 9 4 1 2 4 3 5 7 6 0 
17 7 10 1 2 0 6 4 5 7 3 
22 14 8 4 2 1 3 6 5 7 0 
19 9 10 2 3 0 6 4 5 7 1 
22 10 12 0 1 4 6 5 2 7 3 
23 13 10 2 0 3 5 6 7 4 1 
20 10 10 1 2 3 5 0 6 7 4 
19 5 14 1 2 0 3 5 7 4 6 
23 13 10 0 3 6 7 1 2 5 4 
20 12 8 1 3 6 5 0 4 7 2 
22 12 10 0 2 1 6 4 5 7 3 
21 15 6 2 3 6 7 0 4 5 1 
21 7 14 1 0 7 6 2 3 4 5 
21 9 12 0 2 7 6 1 3 5 4 
14 6 8 2 1 3 6 5 7 4 0 
18 6 12 1 3 6 5 2 0 7 4 
19 13 6 1 0 3 4 6 5 7 2 
23 9 14 2 1 0 6 5 7 4 3 
22 12 10 5 3 6 7 1 2 4 0 
20 12 8 2 3 6 4 1 5 7 0 
22 12 10 0 2 4 1 6 5 7 3 
19 11 8 2 3 0 4 6 5 7 1 
19 5 14 2 1 3 6 0 5 7 4 
18 12 6 0 1 3 4 6 5 7 2 
18 4 14 1 0 2 6 5 7 3 4 
20 6 14 1 3 6 4 2 0 7 5 
20 10 10 0 2 4 6 1 5 7 3 
19 13 6 1 2 4 5 3 7 6 0 
23 11 12 2 0 4 6 1 5 7 3 
23 11 12 6 2 3 4 5 0 7 1 
21 9 12 0 1 6 4 5 2 7 3 
21 11 10 1 0 2 3 5 7 6 4 
21 11 10 0 2 1 3 6 5 7 4 
20 8 12 1 2 4 6 5 0 7 3 
21 11 10 1 0 2 3 5 7 6 4 
19 9 10 1 5 3 6 4 2 7 0 
20 10 10 1 2 4 0 6 5 7 3 
22 12 10 4 2 0 3 6 5 7 1 
18 10 8 0 1 3 6 4 5 7 2 
21 5 16 1 2 3 6 0 7 4 5 
19 15 4 0 2 3 5 4 6 7 1 
20 14 6 0 3 6 7 1 4 5 2 
23 11 12 2 0 3 7 1 5 6 4 
23 9 14 4 6 1 3 5 2 7 0 
22 14 8 2 3 7 6 1 5 4 0 
23 15 8 3 0 6 7 2 4 5 1 
23 11 12 2 0 4 1 5 7 6 3 
14 6 8 0 2 3 6 5 7 4 1 
21 9 12 3 2 6 4 0 5 7 1 
22 10 12 2 3 0 7 1 5 6 4 
22 12 10 0 1 2 3 5 7 6 4 
23 11 12 5 0 3 6 2 4 7 1 
15 7 8 1 3 6 5 4 2 7 0 
22 8 14 1 2 3 0 6 7 4 5 
23 13 10 2 5 3 6 0 4 7 1 
21 11 10 3 1 2 6 5 7 4 0 
22 10 12 1 3 6 7 2 5 0 4 
22 12 10 2 3 4 0 6 5 7 1 
22 10 12 2 3 6 0 4 5 7 1 
21 15 6 1 5 3 6 2 4 7 0 
19 11 8 0 2 6 4 5 3 7 1 
23 11 12 0 3 6 1 4 5 7 2 
20 6 14 0 2 3 1 5 7 4 6 
21 13 8 2 3 0 4 5 7 6 1 
23 9 14 5 2 3 6 1 7 4 0 
21 7 14 2 3 7 6 1 0 5 4 
21 9 12 4 2 3 6 5 0 7 1 
21 9 12 5 3 7 6 1 2 4 0 
22 12 10 1 0 3 7 2 4 6 5 
23 11 12 3 0 6 4 2 5 7 1 
23 11 12 1 3 7 6 4 0 5 2 
16 6 10 1 3 7 6 4 5 2 0 
21 7 14 4 3 6 1 5 2 7 0 
20 8 12 1 0 6 4 5 2 7 3 
21 9 12 2 0 6 4 5 7 3 1 
22 8 14 0 2 1 6 5 7 3 4 
19 5 14 0 3 7 6 1 5 2 4 
19 11 8 0 3 7 6 1 4 5 2 
17 9 8 0 1 2 4 5 7 6 3 
23 11 12 2 3 6 7 0 1 5 4 
17 11 6 1 2 4 6 3 5 7 0 
21 11 10 4 2 3 0 6 5 7 1 
19 9 10 1 5 3 6 4 2 7 0 
23 17 6 2 3 6 7 1 5 4 0 
23 11 12 4 2 1 6 5 7 3 0 
22 10 12 5 3 6 7 0 2 4 1 
23 9 14 5 0 6 4 2 3 7 1 
19 5 14 1 3 6 4 0 2 7 5 
22 10 12 1 0 6 7 2 3 4 5 
21 9 12 0 3 7 6 4 5 2 1 
22 8 14 2 0 7 6 1 3 5 4 
