7.0 7 7 0 1 4 3 2 6 5 7 
3.75 30 2 4 3 5 7 2 1 6 0 
7.222222222222221 13 5 4 3 5 1 2 6 0 7 
5.454545454545454 6 5 3 6 1 4 2 5 7 0 
1.7142857142857142 1 6 0 3 1 4 2 6 5 7 
1.7142857142857142 1 6 3 1 0 4 2 6 5 7 
4.0 3 6 2 3 1 4 0 6 5 7 
6.608695652173913 19 4 4 3 5 1 2 0 6 7 
7.288888888888889 41 4 4 3 0 7 2 1 6 5 
5.735294117647059 65 3 1 3 5 7 4 0 6 2 
7.0588235294117645 12 5 0 1 5 4 2 6 7 3 
6.608695652173913 19 4 4 3 1 7 2 0 6 5 
6.608695652173913 19 4 4 3 5 1 2 6 7 0 
6.857142857142858 8 6 2 0 1 4 3 6 5 7 
1.75 1 7 3 6 1 4 2 0 5 7 
5.3076923076923075 23 3 7 3 5 4 2 1 6 0 
6.769230769230769 22 4 4 3 5 0 2 1 6 7 
5.590909090909091 41 3 0 3 5 7 2 1 6 4 
6.315789473684211 15 4 0 3 5 4 2 1 6 7 
7.222222222222221 13 5 4 3 1 7 2 6 0 5 
6.608695652173913 19 4 1 0 5 4 2 6 7 3 
6.814814814814816 23 4 7 2 1 4 3 6 5 0 
1.7142857142857142 0 6 3 0 1 4 2 6 5 7 
4.2 3 7 3 6 1 4 2 5 0 7 
7.396226415094339 49 4 4 3 5 7 2 0 1 6 
7.255813953488372 39 4 4 3 5 7 2 1 0 6 
7.111111111111111 32 4 1 3 5 4 0 2 6 7 
5.7534246575342465 70 3 1 0 5 7 2 3 6 4 
5.3076923076923075 23 3 1 3 5 4 2 0 6 7 
3.910112359550562 87 2 1 3 5 7 4 2 6 0 
7.2727272727272725 40 4 4 3 5 7 0 1 6 2 
5.333333333333333 8 4 4 3 1 7 2 6 5 0 
5.608695652173914 43 3 1 3 5 4 7 2 6 0 
6.461538461538462 6 7 2 3 1 4 6 0 5 7 
3.9024390243902443 80 2 1 3 5 7 0 4 6 2 
7.368421052631578 14 5 0 2 1 4 3 6 5 7 
7.111111111111111 32 4 7 3 5 0 2 1 6 4 
7.111111111111111 32 4 1 3 5 4 2 6 0 7 
4.2 3 7 3 1 4 0 2 6 5 7 
4.800000000000001 4 6 4 3 1 0 2 6 5 7 
4.800000000000001 6 4 3 1 5 4 2 6 7 0 
6.461538461538462 6 7 3 6 0 4 2 5 1 7 
4.2 3 7 3 6 1 4 0 2 5 7 
5.7534246575342465 70 3 1 3 5 7 2 6 0 4 
5.454545454545454 5 6 6 3 1 4 2 0 5 7 
6.967741935483871 27 4 1 5 0 4 2 6 7 3 
5.454545454545454 6 5 3 1 4 7 2 6 5 0 
3.9090909090909087 86 2 1 3 5 7 2 6 4 0 
5.6000000000000005 42 3 1 3 5 4 2 6 7 0 
7.111111111111111 32 4 1 0 5 4 2 3 6 7 
6.461538461538462 6 7 0 6 1 4 3 2 5 7 
7.0588235294117645 12 5 3 1 0 4 2 6 7 5 
5.735294117647059 65 3 2 3 5 7 4 1 6 0 
5.833333333333333 7 5 2 3 1 4 7 6 5 0 
7.418181818181819 51 4 0 3 5 7 4 1 6 2 
1.9795918367346939 97 0 1 3 5 7 2 4 6 0 
5.7534246575342465 70 3 1 3 5 7 0 2 6 4 
6.857142857142858 8 6 4 3 0 1 2 6 5 7 
5.454545454545454 6 5 3 1 5 4 2 0 6 7 
6.875 11 5 3 1 5 4 0 6 7 2 
7.333333333333334 44 4 1 3 5 0 4 2 6 7 
3.8644067796610164 57 2 1 3 5 7 4 2 6 0 
3.8596491228070176 55 2 1 3 5 7 2 0 6 4 
5.0 5 5 7 3 1 4 2 6 5 0 
6.666666666666666 10 5 3 0 5 4 2 1 6 7 
6.461538461538462 7 6 3 6 1 4 7 2 5 0 
4.0 3 6 3 1 5 4 2 6 0 7 
