19 13 6 4 3 5 7 2 1 6 0 
21 11 10 0 1 5 7 3 6 4 2 
23 13 10 0 4 5 7 1 6 3 2 
16 8 8 3 1 5 7 2 6 4 0 
16 10 6 1 4 5 7 2 6 3 0 
18 12 6 0 1 5 7 2 4 6 3 
21 11 10 0 2 4 7 1 6 5 3 
21 13 8 1 3 4 2 7 6 5 0 
22 14 8 2 1 5 7 3 6 4 0 
21 13 8 2 1 4 3 7 6 5 0 
23 15 8 5 1 4 7 2 3 6 0 
22 12 10 4 3 1 7 2 6 5 0 
23 7 16 3 1 5 7 2 6 0 4 
17 9 8 0 3 4 7 1 6 5 2 
21 13 8 5 3 4 7 1 2 6 0 
20 12 8 0 4 5 7 1 2 6 3 
17 1 16 0 3 1 4 2 6 5 7 
21 9 12 1 4 5 7 3 6 0 2 
20 6 14 3 1 4 7 0 2 6 5 
22 10 12 0 6 4 7 1 2 5 3 
18 12 6 2 3 4 7 1 6 5 0 
20 14 6 1 2 4 7 3 6 5 0 
22 12 10 1 0 5 7 2 6 4 3 
22 12 10 1 0 5 7 3 6 4 2 
22 8 14 3 1 4 0 7 6 5 2 
18 18 0 1 3 5 7 2 4 6 0 
19 13 6 2 3 5 7 4 1 6 0 
17 7 10 2 3 0 4 7 6 5 1 
17 13 4 1 4 5 7 3 2 6 0 
22 14 8 0 2 5 7 1 3 6 4 
18 10 8 2 3 4 7 5 1 6 0 
19 15 4 2 1 5 7 3 4 6 0 
20 10 10 1 3 4 7 2 0 6 5 
22 8 14 2 3 1 7 0 6 5 4 
21 11 10 0 1 5 7 2 6 4 3 
20 8 12 1 6 4 7 3 0 5 2 
22 12 10 2 3 5 7 1 0 6 4 
17 7 10 0 3 1 4 7 6 5 2 
21 5 16 2 0 1 4 3 6 5 7 
20 8 12 3 0 1 4 7 6 5 2 
18 12 6 0 4 5 7 1 3 6 2 
21 11 10 1 3 4 7 0 2 6 5 
21 7 14 7 1 4 3 2 6 5 0 
21 9 12 2 3 4 7 1 0 6 5 
21 9 12 1 4 5 7 2 6 0 3 
22 14 8 5 2 4 7 1 3 6 0 
19 15 4 3 1 5 7 2 4 6 0 
21 9 12 3 0 5 7 2 1 6 4 
20 8 12 0 3 4 7 6 1 5 2 
17 9 8 2 1 4 7 3 6 5 0 
20 8 12 1 4 0 7 3 6 5 2 
21 9 12 3 1 5 7 0 2 6 4 
22 10 12 3 1 5 7 0 6 4 2 
21 9 12 3 1 0 4 7 6 5 2 
23 7 16 3 0 4 7 6 1 5 2 
17 7 10 0 3 4 7 2 1 6 5 
23 11 12 1 3 4 7 6 0 5 2 
19 15 4 3 1 5 7 2 4 6 0 
19 15 4 2 4 5 7 1 3 6 0 
22 6 16 3 1 4 7 6 0 5 2 
19 11 8 1 6 4 7 3 2 5 0 
22 8 14 2 3 5 4 7 6 0 1 
20 8 12 2 3 4 7 0 1 6 5 
19 5 14 3 1 4 7 2 0 6 5 
17 7 10 1 0 4 7 3 6 5 2 
21 7 14 0 3 1 2 7 6 5 4 
20 10 10 0 1 4 3 7 6 5 2 
20 10 10 0 6 4 7 1 3 5 2 
21 11 10 0 2 4 7 1 3 6 5 
16 12 4 1 2 3 4 7 6 5 0 
20 10 10 0 1 5 7 3 2 6 4 
22 6 16 3 1 0 7 2 6 5 4 
15 13 2 1 4 5 7 2 3 6 0 
21 11 10 2 3 5 7 0 1 6 4 
23 9 14 3 0 4 7 1 2 6 5 
21 11 10 4 3 1 7 2 6 5 0 
22 10 12 4 3 1 2 7 6 5 0 
18 10 8 1 3 4 7 0 6 5 2 
21 11 10 0 2 4 7 1 3 6 5 
21 13 8 2 1 5 7 0 4 6 3 
21 9 12 3 1 0 4 7 6 5 2 
19 9 10 2 3 4 1 7 6 5 0 
19 15 4 1 3 4 7 2 6 5 0 
23 13 10 0 3 4 7 5 1 6 2 
21 11 10 4 2 3 1 7 6 5 0 
21 11 10 2 3 4 7 6 1 5 0 
15 9 6 0 2 3 4 7 6 5 1 
21 15 6 3 4 5 7 1 2 6 0 
20 10 10 0 3 4 2 7 6 5 1 
22 14 8 3 2 4 7 1 6 5 0 
21 11 10 1 3 4 7 0 2 6 5 
20 8 12 0 2 3 1 7 6 5 4 
20 6 14 3 0 4 7 2 1 6 5 
19 9 10 3 1 4 2 7 6 5 0 
18 12 6 1 2 4 7 5 3 6 0 
22 12 10 1 2 5 7 3 0 6 4 
20 10 10 0 3 4 7 1 2 6 5 
18 4 14 7 3 1 4 2 6 5 0 
20 10 10 5 1 4 7 3 2 6 0 
17 11 6 1 6 4 7 2 3 5 0 
23 15 8 0 2 4 7 5 3 6 1 
20 16 4 1 3 5 7 0 4 6 2 
22 10 12 1 2 3 0 7 6 5 4 
18 12 6 0 3 4 7 2 6 5 1 
22 6 16 2 3 0 1 7 6 5 4 
19 11 8 2 3 4 7 0 6 5 1 
21 11 10 1 0 5 7 3 2 6 4 
19 7 12 0 1 4 7 3 2 6 5 
20 6 14 0 2 1 4 3 6 5 7 
19 15 4 1 2 5 7 4 3 6 0 
17 7 10 1 0 4 7 2 6 5 3 
16 8 8 2 0 3 4 7 6 5 1 
21 5 16 1 0 4 3 2 6 5 7 
17 11 6 1 4 5 7 0 3 6 2 
22 16 6 0 4 5 7 3 2 6 1 
23 7 16 3 0 1 7 2 6 5 4 
20 8 12 2 3 4 0 7 6 5 1 
18 10 8 0 3 5 7 2 1 6 4 
21 11 10 1 0 4 3 7 6 5 2 
20 8 12 1 0 4 7 3 2 6 5 
22 12 10 1 2 4 7 0 6 5 3 
21 13 8 3 1 5 7 0 4 6 2 
23 15 8 5 3 4 7 1 2 6 0 
20 8 12 1 6 4 7 2 0 5 3 
21 9 12 1 6 4 7 0 2 5 3 
18 12 6 0 1 5 7 3 4 6 2 
11 3 8 3 1 4 7 2 6 5 0 
19 9 10 1 6 4 7 0 3 5 2 
22 12 10 0 3 4 7 1 2 6 5 
23 9 14 1 4 0 7 3 2 6 5 
22 2 20 3 1 4 0 2 6 5 7 
21 11 10 6 3 4 7 2 1 5 0 
20 10 10 2 3 1 7 4 6 5 0 
22 14 8 1 0 5 7 2 3 6 4 
17 5 12 3 1 4 7 0 6 5 2 
21 9 12 1 2 4 7 3 0 6 5 
19 7 12 2 1 4 7 0 6 5 3 
22 10 12 2 0 4 7 1 6 5 3 
20 8 12 0 3 1 7 2 6 5 4 
16 6 10 0 1 4 7 3 6 5 2 
21 13 8 2 6 4 7 1 3 5 0 
17 11 6 1 0 5 7 2 4 6 3 
23 5 18 3 1 0 7 2 6 4 5 
21 13 8 1 3 5 7 2 0 6 4 
19 1 18 3 1 0 4 2 6 5 7 
23 15 8 0 3 5 7 1 2 6 4 
18 10 8 1 4 5 7 2 0 6 3 
21 11 10 1 0 4 7 2 3 6 5 
23 11 12 0 1 4 7 5 2 6 3 
22 12 10 1 4 5 7 0 6 3 2 
22 14 8 1 3 5 7 0 2 6 4 
21 13 8 0 4 5 7 2 6 3 1 
19 13 6 1 3 4 7 5 2 6 0 
19 13 6 1 3 4 7 5 2 6 0 
20 8 12 3 1 5 7 2 0 6 4 
20 16 4 1 3 5 7 4 2 6 0 
16 6 10 0 1 4 7 2 6 5 3 
20 8 12 3 0 4 7 1 6 5 2 
21 13 8 4 1 5 7 3 2 6 0 
22 10 12 2 0 4 7 1 3 6 5 
20 8 12 1 4 0 7 2 6 5 3 
22 4 18 3 1 4 7 2 6 0 5 
23 17 6 4 2 5 7 1 3 6 0 
19 15 4 2 1 5 7 3 4 6 0 
23 13 10 3 6 4 7 1 2 5 0 
18 10 8 5 3 4 7 2 1 6 0 
17 11 6 1 0 5 7 3 4 6 2 
23 9 14 6 3 4 7 0 1 5 2 
22 12 10 1 5 0 7 3 4 6 2 
23 15 8 0 1 5 7 2 3 6 4 
23 7 16 3 4 0 7 2 1 6 5 
17 9 8 2 1 4 7 3 6 5 0 
19 13 6 2 3 4 7 1 6 5 0 
21 9 12 2 3 5 4 7 6 1 0 
18 8 10 3 1 4 7 5 2 6 0 
22 12 10 1 5 0 7 2 4 6 3 
18 0 18 3 0 1 4 2 6 5 7 
20 16 4 0 4 5 7 2 3 6 1 
21 13 8 1 2 5 7 0 3 6 4 
16 12 4 1 3 4 7 2 6 5 0 
21 9 12 7 2 1 4 3 6 5 0 
21 7 14 2 0 3 1 7 6 5 4 
12 4 8 2 3 1 4 7 6 5 0 
21 5 16 2 3 1 0 7 6 5 4 
23 13 10 2 0 5 7 1 3 6 4 
19 11 8 1 4 5 7 0 2 6 3 
21 9 12 0 3 1 7 2 6 5 4 
22 14 8 5 2 4 7 1 3 6 0 
19 11 8 3 1 5 7 4 2 6 0 
23 15 8 1 3 5 7 4 0 6 2 
22 6 16 2 1 0 4 3 6 5 7 
23 17 6 4 2 5 7 1 3 6 0 
20 10 10 1 2 4 7 0 3 6 5 
20 2 18 2 3 1 4 0 6 5 7 
22 14 8 0 2 5 7 1 3 6 4 
18 10 8 1 4 5 7 3 0 6 2 
22 14 8 0 6 4 7 2 3 5 1 
22 12 10 0 1 4 7 2 3 6 5 
15 11 4 1 2 3 4 7 6 5 0 
20 4 16 0 1 4 3 2 6 5 7 
22 14 8 1 0 5 7 4 3 6 2 
18 10 8 1 4 5 7 3 6 2 0 
