11.076923076923077 18 8 0 1 3 4 7 6 5 2 
13.93939393939394 23 10 0 3 4 2 7 6 5 1 
14.736842105263156 28 10 0 6 4 7 1 3 5 2 
15.744680851063828 37 10 0 2 4 7 6 3 5 1 
18.122448979591837 37 12 2 3 4 7 6 0 5 1 
16.0 40 10 1 0 4 7 2 6 5 3 
3.8709677419354835 60 2 2 3 5 7 1 4 6 0 
17.73913043478261 34 12 2 6 4 7 3 0 5 1 
14.03076923076923 57 8 2 3 5 7 4 0 6 1 
6.857142857142857 24 4 1 3 4 7 2 6 5 0 
1.894736842105263 0 18 3 0 1 4 2 6 5 7 
11.428571428571429 20 8 1 3 4 2 7 6 5 0 
14.285714285714285 25 10 1 0 4 7 3 6 5 2 
7.483870967741936 58 4 2 3 5 7 0 4 6 1 
13.75438596491228 49 8 1 3 5 7 0 2 6 4 
13.714285714285714 48 8 1 3 5 7 2 0 6 4 
9.942857142857145 29 6 1 4 5 7 0 3 6 2 
13.387755102040817 41 8 3 2 4 7 1 6 5 0 
15.833333333333332 38 10 0 2 4 7 1 6 5 3 
19.56923076923077 53 12 6 3 4 7 0 2 5 1 
16.42105263157895 26 12 1 4 0 7 3 6 5 2 
10.879999999999999 17 8 1 0 3 4 7 6 5 2 
18.0 36 12 3 6 4 7 0 2 5 1 
19.11864406779661 47 12 1 3 4 7 0 2 5 6 
16.615384615384617 27 12 1 4 5 7 3 6 0 2 
16.07843137254902 41 10 0 1 4 7 2 6 5 3 
10.909090909090908 12 10 1 7 3 4 2 6 5 0 
18.666666666666668 42 12 1 6 4 7 0 2 5 3 
3.8688524590163937 59 2 0 3 5 7 2 4 6 1 
10.24390243902439 35 6 2 4 5 7 0 3 6 1 
12.857142857142858 18 10 1 3 0 4 7 6 5 2 
17.30232558139535 31 12 1 3 4 7 6 0 5 2 
17.30232558139535 31 12 2 1 4 7 0 6 5 3 
13.217391304347826 38 8 2 0 5 7 4 3 6 1 
13.538461538461538 44 8 3 1 4 7 2 6 5 0 
15.833333333333332 38 10 3 6 4 7 1 2 5 0 
17.142857142857142 30 12 1 0 4 7 6 3 5 2 
7.304347826086956 42 4 1 2 5 7 4 3 6 0 
7.219512195121951 37 4 2 4 5 7 1 3 6 0 
17.142857142857142 30 12 3 0 4 7 1 6 5 2 
12.8 32 8 0 2 4 7 3 6 5 1 
17.6 33 12 6 0 4 7 2 3 5 1 
7.418181818181819 51 4 1 3 5 7 4 2 6 0 
18.763636363636365 43 12 0 6 4 7 1 2 5 3 
10.0 30 6 2 3 4 7 1 6 5 0 
10.0 30 6 0 1 5 7 3 4 6 2 
13.538461538461538 44 8 1 2 5 7 0 3 6 4 
17.872340425531917 35 12 3 6 4 7 2 0 5 1 
14.0 14 14 1 7 3 4 0 6 5 2 
16.610169491525422 49 10 6 1 4 7 2 3 5 0 
1.9682539682539684 62 0 1 3 5 7 2 4 6 0 
18.763636363636365 43 12 0 2 4 7 1 3 5 6 
17.30232558139535 31 12 0 1 4 7 6 3 5 2 
6.222222222222223 4 14 7 3 1 4 2 6 5 0 
10.4 39 6 0 2 5 7 4 3 6 1 
1.8823529411764706 1 16 0 3 1 4 2 6 5 7 
15.744680851063828 37 10 0 6 4 7 3 2 5 1 
16.428571428571427 46 10 3 0 4 7 2 6 5 1 
10.0 30 6 0 4 5 7 1 3 6 2 
10.181818181818182 8 14 7 0 3 4 2 6 5 1 
19.200000000000003 48 12 6 2 4 7 0 3 5 1 
11.733333333333333 22 8 1 3 4 7 0 6 5 2 
15.744680851063828 37 10 1 2 4 7 0 6 5 3 
12.444444444444446 28 8 1 4 5 7 3 6 2 0 
10.434782608695652 40 6 0 4 5 7 1 3 6 2 
19.636363636363637 54 12 6 3 4 7 2 0 5 1 
17.73913043478261 34 12 2 0 4 7 1 6 5 3 
16.22641509433962 43 10 3 2 4 7 0 6 5 1 
19.701492537313435 55 12 6 0 4 7 2 3 5 1 
18.666666666666668 42 12 1 2 4 7 0 3 5 6 
3.757575757575758 31 2 1 4 5 7 2 3 6 0 
9.333333333333334 21 6 2 1 3 4 7 6 5 0 
18.94736842105263 45 12 1 0 4 7 2 3 5 6 
12.54054054054054 29 8 2 1 4 7 3 6 5 0 
15.833333333333332 38 10 0 6 4 7 1 3 5 2 
14.594594594594595 27 10 1 6 4 7 0 3 5 2 
19.200000000000003 48 12 0 3 4 7 1 2 5 6 
14.736842105263156 28 10 3 0 4 7 2 6 5 1 
15.121951219512194 31 10 2 0 4 7 3 6 5 1 
12.8 32 8 0 6 4 7 2 3 5 1 
10.24390243902439 35 6 1 2 4 7 3 6 5 0 
13.672727272727272 47 8 1 0 5 7 2 3 6 4 
12.444444444444446 28 8 1 4 5 7 3 0 6 2 
19.701492537313435 55 12 2 3 4 7 6 0 5 1 
19.88571428571429 58 12 0 3 4 7 1 2 5 6 
19.03448275862069 46 12 1 3 4 7 2 0 5 6 
16.428571428571427 46 10 6 2 4 7 1 3 5 0 
18.0 36 12 2 0 4 7 6 3 5 1 
12.444444444444446 28 8 2 3 4 7 0 6 5 1 
11.870967741935484 23 8 0 3 4 7 1 6 5 2 
10.285714285714286 9 12 0 7 3 4 2 6 5 1 
13.023255813953488 35 8 2 6 4 7 1 3 5 0 
16.42105263157895 26 12 1 6 4 7 3 0 5 2 
18.566037735849058 41 12 0 6 4 7 1 2 5 3 
18.763636363636365 43 12 1 6 4 7 2 0 5 3 
16.774193548387096 52 10 0 3 4 7 6 2 5 1 
9.73913043478261 7 16 7 3 0 4 2 6 5 1 
16.615384615384617 27 12 3 1 4 7 0 6 5 2 
18.240000000000002 38 12 6 2 4 7 0 3 5 1 
7.157894736842105 34 4 0 4 5 7 2 3 6 1 
9.942857142857145 29 6 1 6 4 7 2 3 5 0 
15.348837209302324 33 10 2 6 4 7 0 3 5 1 
15.348837209302324 33 10 3 2 4 7 0 6 5 1 
9.942857142857145 29 6 1 0 5 7 3 4 6 2 
13.333333333333334 40 8 1 2 4 7 6 3 5 0 
19.03448275862069 46 12 0 1 4 7 2 3 5 6 
16.92307692307692 55 10 6 3 4 7 1 2 5 0 
12.878048780487806 33 8 0 3 4 7 1 6 5 2 
13.333333333333334 40 8 1 6 4 7 3 2 5 0 
7.135135135135136 33 4 2 1 5 7 3 4 6 0 
13.75438596491228 49 8 1 3 4 7 6 2 5 0 
15.454545454545453 34 10 2 1 4 7 6 3 5 0 
10.8 54 6 0 3 5 7 4 2 6 1 
14.444444444444443 26 10 0 1 4 7 3 6 5 2 
14.709677419354842 19 12 1 3 4 0 7 6 5 2 
9.818181818181818 27 6 0 3 4 7 2 6 5 1 
