0 0 3 0 1 4 2 6 5 7
1 1 3 1 0 4 2 6 5 7
5 2 3 1 5 4 2 6 0 7
7 3 3 1 5 4 2 6 7 0
3 6 0 1 5 4 2 6 7 3
1 7 1 0 5 4 2 6 7 3
5 8 1 5 0 4 2 6 7 3
7 9 1 5 7 4 2 6 0 3
3 10 1 5 7 4 2 6 3 0
7 13 1 5 0 4 2 6 3 7
3 14 1 5 3 4 2 6 0 7
7 15 1 5 3 4 2 6 7 0
2 17 1 5 3 4 0 6 7 2
5 20 1 0 3 4 5 6 7 2
1 21 0 1 3 4 5 6 7 2
2 24 2 1 3 4 5 6 7 0
4 25 2 1 3 0 5 6 7 4
2 27 0 1 3 2 5 6 7 4
1 28 1 0 3 2 5 6 7 4
3 29 1 3 0 2 5 6 7 4
2 30 1 3 2 0 5 6 7 4
4 31 1 3 2 4 5 6 7 0
7 32 1 3 2 4 5 6 0 7
2 33 1 3 0 4 5 6 2 7
3 34 1 0 3 4 5 6 2 7
6 35 1 6 3 4 5 0 2 7
2 36 1 6 3 4 5 2 0 7
7 37 1 6 3 4 5 2 7 0
3 40 1 6 0 4 5 2 7 3
6 41 1 0 6 4 5 2 7 3
2 42 1 2 6 4 5 0 7 3
7 43 1 2 6 4 5 7 0 3
3 44 1 2 6 4 5 7 3 0
6 47 1 2 0 4 5 7 3 6
3 48 1 2 3 4 5 7 0 6
7 49 1 2 3 4 5 0 7 6
5 50 1 2 3 4 0 5 7 6
6 52 1 2 3 4 6 5 7 0
1 55 0 2 3 4 6 5 7 1
5 58 5 2 3 4 6 0 7 1
6 59 5 2 3 4 0 6 7 1
5 60 0 2 3 4 5 6 7 1
1 63 1 2 3 4 5 6 7 0
1298 0.013012
