0 0 3 0 1 4 2 6 5 7
3 1 0 3 1 4 2 6 5 7
7 4 7 3 1 4 2 6 5 0
1 7 7 3 0 4 2 6 5 1
3 8 7 0 3 4 2 6 5 1
7 9 0 7 3 4 2 6 5 1
1 12 1 7 3 4 2 6 5 0
2 14 1 7 3 4 0 6 5 2
7 17 1 0 3 4 7 6 5 2
3 18 1 3 0 4 7 6 5 2
4 19 1 3 4 0 7 6 5 2
2 20 1 3 4 2 7 6 5 0
1 23 0 3 4 2 7 6 5 1
2 25 2 3 4 0 7 6 5 1
4 26 2 3 0 4 7 6 5 1
3 27 2 0 3 4 7 6 5 1
2 28 0 2 3 4 7 6 5 1
1 31 1 2 3 4 7 6 5 0
3 34 1 2 0 4 7 6 5 3
4 35 1 2 4 0 7 6 5 3
3 36 1 2 4 3 7 6 5 0
1 39 0 2 4 3 7 6 5 1
2 40 2 0 4 3 7 6 5 1
4 41 2 4 0 3 7 6 5 1
3 42 2 4 3 0 7 6 5 1
7 45 2 4 3 7 0 6 5 1
4 48 2 0 3 7 4 6 5 1
2 49 0 2 3 7 4 6 5 1
1 52 1 2 3 7 4 6 5 0
4 54 1 2 3 7 0 6 5 4
1 55 0 2 3 7 1 6 5 4
4 58 4 2 3 7 1 6 5 0
1 60 4 2 3 7 0 6 5 1
2 63 4 0 3 7 2 6 5 1
3 64 4 3 0 7 2 6 5 1
5 65 4 3 5 7 2 6 0 1
6 66 4 3 5 7 2 0 6 1
2 67 4 3 5 7 0 2 6 1
4 68 0 3 5 7 4 2 6 1
2 71 2 3 5 7 4 0 6 1
4 72 2 3 5 7 0 4 6 1
2 73 0 3 5 7 2 4 6 1
1 76 1 3 5 7 2 4 6 0
1662 0.051046
