7 3 4 3 1 5 4 2 6 7 0 
27 24 3 1 6 3 4 2 5 7 0 
24 21 3 0 1 3 4 5 6 7 2 
14 9 5 1 5 4 0 2 6 7 3 
18 14 4 1 5 3 0 2 6 7 4 
24 21 3 1 3 0 4 5 6 7 2 
33 33 0 1 2 3 4 5 6 7 0 
26 23 3 1 6 3 4 5 7 2 0 
33 31 2 1 2 3 4 0 6 7 5 
30 26 4 2 1 3 4 0 6 7 5 
11 7 4 1 0 5 4 2 6 7 3 
24 21 3 1 6 3 4 5 0 7 2 
33 30 3 0 2 3 4 1 6 7 5 
26 24 2 2 1 3 4 5 6 7 0 
20 17 3 1 5 3 4 0 6 7 2 
22 20 2 1 0 3 4 5 6 7 2 
17 15 2 1 5 3 4 2 6 7 0 
30 26 4 1 5 3 4 6 0 7 2 
11 6 5 0 1 5 4 2 6 7 3 
8 2 6 3 1 5 4 2 6 0 7 
26 22 4 1 6 3 4 5 7 0 2 
29 25 4 1 0 3 4 6 5 7 2 
14 10 4 1 5 4 3 2 6 7 0 
26 22 4 1 6 3 4 0 5 7 2 
12 8 4 1 5 0 4 2 6 7 3 
7 1 6 3 1 0 4 2 6 5 7 
18 13 5 1 5 0 3 2 6 7 4 
33 29 4 2 0 3 4 1 6 7 5 
6 0 6 3 0 1 4 2 6 5 7 
