1.9000000000000001 19 0 1 3 5 7 2 4 6 0 
5.090909090909091 7 4 1 0 3 4 2 6 5 7 
5.538461538461538 9 4 1 4 5 7 2 0 3 6 
4.0 3 6 6 0 3 4 1 2 5 7 
5.866666666666666 11 4 0 6 3 4 5 2 7 1 
3.4285714285714284 12 2 1 0 3 4 5 6 7 2 
5.538461538461538 9 4 0 2 3 4 1 5 7 6 
5.714285714285714 10 4 6 2 3 4 5 7 0 1 
5.833333333333333 5 7 3 2 4 7 1 0 5 6 
4.875 13 3 1 3 4 7 5 2 6 0 
5.333333333333333 8 4 1 6 0 7 2 4 3 5 
5.454545454545454 5 6 6 2 3 7 0 1 4 5 
4.875 13 3 1 2 3 4 7 6 0 5 
5.142857142857143 18 3 1 4 5 7 2 0 6 3 
5.1 17 3 1 3 0 7 2 4 5 6 
5.454545454545454 5 6 6 3 4 1 2 0 5 7 
4.615384615384615 10 3 1 3 4 7 2 0 6 5 
4.875 13 3 1 6 5 7 2 4 0 3 
5.866666666666666 11 4 0 1 5 7 2 4 3 6 
3.1111111111111116 7 2 1 3 4 7 2 5 6 0 
5.866666666666666 11 4 6 3 5 0 2 4 1 7 
5.0 5 5 6 3 0 7 2 5 4 1 
4.9411764705882355 14 3 1 2 3 4 0 5 7 6 
5.538461538461538 9 4 1 3 0 4 2 5 6 7 
3.5 14 2 1 6 3 4 5 2 7 0 
5.833333333333333 5 7 0 3 4 1 6 2 5 7 
5.0 5 5 6 3 4 7 5 1 2 0 
4.800000000000001 4 6 6 3 7 5 1 2 4 0 
4.615384615384615 10 3 1 0 5 7 2 4 3 6 
5.0 5 5 1 6 3 4 0 2 5 7 
4.875 13 3 0 1 3 4 5 6 7 2 
6.0 6 6 7 3 4 1 6 2 5 0 
5.866666666666666 11 4 1 3 5 7 6 2 0 4 
5.0 15 3 1 3 7 0 2 4 6 5 
5.833333333333333 5 7 6 3 7 5 1 2 0 4 
6.0 12 4 1 4 5 7 3 0 6 2 
4.800000000000001 12 3 1 2 3 4 5 7 0 6 
5.833333333333333 5 7 6 0 4 7 3 2 5 1 
5.833333333333333 5 7 0 3 7 6 1 2 4 5 
5.866666666666666 11 4 0 2 3 4 1 6 5 7 
3.5 14 2 1 3 0 7 2 4 6 5 
4.0 3 6 6 3 0 7 1 2 5 4 
6.0 6 6 6 3 4 1 7 2 5 0 
5.090909090909091 7 4 1 6 3 7 5 2 4 0 
5.714285714285714 10 4 1 6 3 4 0 5 7 2 
5.866666666666666 11 4 1 3 6 7 2 5 0 4 
4.800000000000001 4 6 6 2 3 7 1 0 4 5 
3.5294117647058822 15 2 1 2 3 4 5 0 7 6 
5.090909090909091 4 7 6 3 4 5 1 2 0 7 
5.833333333333333 7 5 1 3 0 6 2 5 4 7 
4.2 3 7 6 0 4 7 1 3 2 5 
5.0 5 5 6 2 3 4 1 5 0 7 
4.0 3 6 0 3 4 7 1 2 5 6 
4.0 6 3 6 2 3 4 1 5 7 0 
5.333333333333333 8 4 6 0 5 7 2 4 3 1 
5.833333333333333 5 7 3 4 0 7 6 2 5 1 
3.4285714285714284 12 2 1 2 3 4 6 5 7 0 
5.090909090909091 7 4 1 3 4 6 2 5 7 0 
5.052631578947369 16 3 1 0 3 4 5 2 7 6 
5.454545454545454 6 5 0 2 3 4 6 1 5 7 
5.714285714285714 10 4 6 0 3 4 5 2 7 1 
5.833333333333333 7 5 6 2 3 0 1 5 7 4 
6.0 12 4 1 5 3 7 2 0 6 4 
3.3846153846153846 11 2 1 2 3 4 6 5 7 0 
5.833333333333333 7 5 7 6 3 4 1 2 5 0 
5.714285714285714 10 4 1 4 5 0 2 3 6 7 
6.0 12 4 1 4 0 7 2 3 6 5 
5.866666666666666 11 4 1 3 7 0 2 5 6 4 
6.0 12 4 1 3 6 7 2 0 5 4 
3.4285714285714284 12 2 1 6 5 7 2 4 3 0 
4.714285714285714 11 3 1 6 3 4 5 0 7 2 
5.538461538461538 9 4 7 2 3 4 6 1 5 0 
5.833333333333333 7 5 6 3 5 7 0 2 4 1 
5.833333333333333 7 5 1 3 4 7 6 2 0 5 
4.444444444444445 4 5 1 3 4 7 0 2 5 6 
5.866666666666666 11 4 1 5 0 7 2 4 3 6 
5.538461538461538 9 4 1 3 4 7 0 5 6 2 
3.5999999999999996 18 2 1 3 5 7 2 4 0 6 
5.090909090909091 7 4 6 4 5 7 2 3 1 0 
5.090909090909091 7 4 1 6 3 4 7 2 5 0 
5.333333333333333 8 4 1 4 5 7 2 3 0 6 
5.090909090909091 4 7 6 3 7 0 1 2 5 4 
4.714285714285714 11 3 6 2 3 4 5 7 1 0 
5.090909090909091 4 7 6 0 3 7 1 2 5 4 
5.454545454545454 6 5 1 3 4 6 2 5 0 7 
5.454545454545454 6 5 6 4 5 7 2 3 0 1 
5.714285714285714 10 4 4 3 5 7 6 1 2 0 
3.0 2 6 6 3 0 7 1 2 4 5 
5.833333333333333 5 7 6 3 4 0 7 2 5 1 
4.2 3 7 6 0 3 7 1 2 4 5 
5.090909090909091 7 4 1 6 3 7 2 4 0 5 
5.866666666666666 11 4 1 4 5 7 0 3 6 2 
4.2 3 7 0 3 4 6 1 2 5 7 
1.7142857142857142 1 6 6 3 4 7 1 2 0 5 
5.833333333333333 5 7 3 4 0 7 1 2 5 6 
5.454545454545454 5 6 1 6 3 7 0 2 4 5 
3.4285714285714284 12 2 1 2 3 4 7 6 5 0 
5.0 5 5 6 3 5 7 1 0 2 4 
5.833333333333333 7 5 1 6 3 4 2 5 0 7 
4.363636363636364 8 3 1 6 3 7 2 4 5 0 
5.833333333333333 7 5 1 3 4 7 6 0 2 5 
1.6666666666666667 0 5 6 3 4 7 1 2 5 0 
4.615384615384615 10 3 1 3 0 7 2 5 6 4 
5.454545454545454 5 6 6 3 5 0 1 2 7 4 
5.866666666666666 11 4 1 3 4 7 0 2 6 5 
6.0 6 6 7 3 4 6 1 2 5 0 
5.833333333333333 7 5 1 3 4 7 6 2 0 5 
4.800000000000001 12 3 1 3 5 7 6 2 4 0 
4.615384615384615 10 3 1 3 4 7 2 6 5 0 
5.090909090909091 7 4 6 2 3 4 7 1 5 0 
3.5555555555555554 16 2 1 3 7 5 2 4 6 0 
5.833333333333333 7 5 1 4 0 7 2 3 5 6 
5.714285714285714 10 4 1 3 4 7 5 0 6 2 
3.75 3 5 6 3 4 7 2 0 5 1 
5.333333333333333 8 4 1 3 4 0 2 5 6 7 
5.454545454545454 5 6 6 3 5 4 0 1 2 7 
4.444444444444445 4 5 6 3 4 7 2 5 0 1 
4.444444444444445 4 5 6 3 5 4 1 2 7 0 
5.833333333333333 5 7 3 2 4 6 1 0 5 7 
4.800000000000001 12 3 1 6 5 7 2 4 0 3 
4.800000000000001 12 3 1 3 6 7 2 5 4 0 
5.333333333333333 8 4 6 3 5 7 4 1 2 0 
5.454545454545454 6 5 6 3 5 7 0 1 2 4 
3.3846153846153846 11 2 1 2 3 4 5 0 7 6 
3.466666666666667 13 2 1 5 3 7 2 4 6 0 
3.0 2 6 6 3 4 7 0 2 5 1 
1.75 1 7 6 3 4 0 1 2 5 7 
4.444444444444445 5 4 1 3 4 7 2 0 5 6 
4.800000000000001 4 6 1 3 4 6 0 2 5 7 
5.333333333333333 8 4 1 3 7 6 2 4 0 5 
4.800000000000001 4 6 0 6 3 4 1 2 5 7 
5.714285714285714 10 4 1 2 3 4 6 5 0 7 
5.538461538461538 9 4 0 2 3 4 6 5 7 1 
5.538461538461538 9 4 1 0 6 7 2 4 3 5 
5.714285714285714 10 4 6 3 0 7 2 4 5 1 
5.052631578947369 16 3 1 2 3 4 5 7 0 6 
4.363636363636364 8 3 1 6 3 4 2 5 7 0 
4.875 13 3 1 3 0 4 5 6 7 2 
4.5 9 3 6 3 5 7 2 4 0 1 
5.833333333333333 5 7 7 3 4 0 6 2 5 1 
4.9411764705882355 14 3 6 1 5 7 2 4 3 0 
5.833333333333333 5 7 6 3 4 5 1 0 2 7 
4.875 13 3 1 0 5 7 3 4 6 2 
6.0 6 6 1 3 7 6 0 2 4 5 
3.5555555555555554 16 2 2 1 3 4 5 6 7 0 
4.0 3 6 0 3 4 7 6 2 5 1 
3.5789473684210527 17 2 1 2 3 4 5 7 6 0 
4.0 3 6 6 3 4 7 0 1 2 5 
5.090909090909091 4 7 0 6 3 7 1 2 4 5 
4.5 9 3 6 2 3 4 5 0 7 1 
5.833333333333333 7 5 6 3 5 4 7 1 2 0 
3.1111111111111116 2 7 6 3 0 4 1 2 5 7 
5.454545454545454 5 6 0 6 4 7 2 3 5 1 
4.800000000000001 6 4 1 3 4 7 2 5 0 6 
5.454545454545454 5 6 6 2 3 7 1 4 0 5 
5.833333333333333 7 5 6 4 5 7 2 0 3 1 
4.875 13 3 0 3 5 7 2 4 1 6 
4.800000000000001 4 6 0 3 4 7 6 1 2 5 
5.833333333333333 7 5 5 3 4 7 6 1 2 0 
5.833333333333333 5 7 3 2 4 7 6 0 5 1 
5.833333333333333 5 7 3 0 4 7 6 1 2 5 
5.090909090909091 7 4 6 2 3 7 5 1 4 0 
4.444444444444445 4 5 6 3 5 7 1 2 0 4 
4.800000000000001 6 4 1 3 4 7 6 2 5 0 
5.866666666666666 11 4 1 0 4 7 2 3 6 5 
4.9411764705882355 14 3 7 2 3 4 1 6 5 0 
3.5789473684210527 17 2 1 0 5 7 2 4 6 3 
5.0 5 5 1 3 4 6 2 0 5 7 
3.3333333333333335 10 2 6 3 5 7 2 4 1 0 
4.800000000000001 4 6 6 0 4 7 2 3 5 1 
5.090909090909091 4 7 3 0 4 7 1 2 5 6 
4.800000000000001 12 3 1 0 3 4 5 2 7 6 
5.454545454545454 6 5 1 6 3 4 2 0 5 7 
5.454545454545454 5 6 6 2 3 7 1 0 5 4 
5.833333333333333 7 5 0 3 5 7 6 1 2 4 
5.866666666666666 11 4 1 6 0 7 2 4 5 3 
5.538461538461538 9 4 0 6 5 7 2 4 3 1 
3.2727272727272725 9 2 1 4 5 7 2 3 6 0 
4.2 3 7 6 3 7 0 1 2 4 5 
5.454545454545454 6 5 6 2 3 7 1 4 5 0 
5.052631578947369 16 3 1 5 0 7 2 4 6 3 
6.0 12 4 1 5 3 7 2 4 0 6 
5.833333333333333 5 7 6 0 5 4 1 3 2 7 
4.875 13 3 1 3 6 7 2 4 0 5 
4.714285714285714 11 3 1 3 6 5 2 4 7 0 
5.333333333333333 8 4 6 2 3 4 0 5 7 1 
4.800000000000001 6 4 1 3 4 7 6 2 5 0 
3.4285714285714284 12 2 1 2 3 4 6 5 7 0 
5.538461538461538 9 4 1 3 0 6 2 4 7 5 
3.0 2 6 6 3 4 7 1 0 2 5 
5.833333333333333 5 7 7 3 4 0 1 2 5 6 
5.090909090909091 4 7 0 6 4 7 1 3 2 5 
5.333333333333333 8 4 1 6 4 7 2 3 5 0 
5.833333333333333 7 5 1 0 3 7 2 6 4 5 
3.5 14 2 1 3 6 7 2 4 5 0 
3.466666666666667 13 2 1 2 3 4 5 7 6 0 
4.0 3 6 6 3 5 4 1 2 0 7 
4.5 9 3 1 3 7 6 2 4 5 0 
4.800000000000001 12 3 1 3 7 4 2 5 6 0 
5.454545454545454 6 5 1 0 4 7 2 3 5 6 
5.090909090909091 7 4 1 3 0 7 2 5 4 6 
5.333333333333333 4 8 3 0 4 6 1 2 5 7 
4.444444444444445 4 5 6 2 3 4 1 0 5 7 
5.833333333333333 5 7 6 3 0 5 1 2 4 7 
4.444444444444445 5 4 6 3 4 7 2 5 1 0 
5.833333333333333 7 5 1 3 7 6 2 0 4 5 
5.538461538461538 9 4 1 2 3 4 6 0 5 7 
5.333333333333333 8 4 6 3 5 7 2 0 4 1 
5.0 15 3 1 0 3 7 2 4 6 5 
5.142857142857143 18 3 0 1 5 7 2 4 6 3 
5.833333333333333 5 7 6 4 2 7 1 3 0 5 
5.333333333333333 8 4 1 3 0 7 2 6 4 5 
5.714285714285714 10 4 1 3 5 7 6 0 2 4 
3.652173913043478 21 2 3 1 5 7 2 4 6 0 
4.444444444444445 5 4 6 3 5 7 1 2 4 0 
4.875 13 3 1 3 5 7 4 6 2 0 
5.090909090909091 4 7 6 4 0 7 1 3 2 5 
5.454545454545454 6 5 1 6 3 7 2 0 4 5 
4.800000000000001 4 6 6 3 5 4 1 0 2 7 
5.090909090909091 4 7 3 0 4 7 6 2 5 1 
5.454545454545454 5 6 1 6 4 7 0 3 2 5 
5.0 5 5 6 2 3 4 0 1 5 7 
5.454545454545454 6 5 1 3 4 6 7 2 5 0 
4.615384615384615 10 3 1 2 3 4 0 5 7 6 
5.538461538461538 9 4 1 3 4 7 2 6 0 5 
5.833333333333333 5 7 0 6 3 7 1 2 5 4 
5.714285714285714 10 4 0 3 4 7 2 5 6 1 
5.833333333333333 7 5 1 6 4 7 5 3 2 0 
5.454545454545454 5 6 6 3 7 4 1 2 5 0 
5.866666666666666 11 4 1 0 3 7 2 5 6 4 
6.0 12 4 1 0 6 7 2 4 5 3 
4.615384615384615 10 3 1 2 3 4 0 6 5 7 
5.714285714285714 10 4 1 3 6 0 2 4 7 5 
5.454545454545454 5 6 6 4 0 7 2 3 5 1 
5.866666666666666 11 4 1 3 5 7 0 6 2 4 
5.454545454545454 5 6 6 3 4 5 1 2 7 0 
5.090909090909091 4 7 6 3 4 1 0 2 5 7 
