8.88888888888889 8 10 1 3 5 6 0 2 7 4 
8.23529411764706 7 10 0 3 5 6 1 2 7 4 
5.217391304347826 3 20 6 0 3 7 1 2 4 5 
8.0 6 12 2 3 4 7 6 0 5 1 
8.0 6 12 7 3 4 6 1 2 5 0 
7.619047619047619 5 16 1 6 4 7 0 3 2 5 
7.368421052631578 5 14 0 6 3 7 1 2 5 4 
7.5 6 10 0 6 4 7 3 2 5 1 
7.5 6 10 1 3 4 6 7 2 5 0 
8.0 8 8 2 6 4 7 1 3 5 0 
8.275862068965518 5 24 6 3 4 5 1 0 2 7 
7.199999999999999 9 6 1 3 4 7 0 5 6 2 
8.4 6 14 1 0 4 6 2 3 5 7 
8.23529411764706 7 10 0 3 5 4 6 2 7 1 
7.5 6 10 6 2 3 4 1 5 7 0 
6.222222222222223 4 14 1 3 4 6 0 2 5 7 
6.117647058823529 13 4 2 3 4 7 1 5 6 0 
6.222222222222223 4 14 6 3 4 7 2 5 0 1 
7.368421052631578 5 14 3 2 4 7 6 0 5 1 
6.545454545454545 4 18 6 3 5 7 1 2 0 4 
8.470588235294118 9 8 3 4 5 7 0 2 6 1 
9.0 6 18 7 3 4 1 6 2 5 0 
6.0 4 12 1 3 4 7 0 2 5 6 
6.153846153846153 5 8 0 6 4 7 2 3 5 1 
7.619047619047619 5 16 1 6 3 7 0 2 4 5 
8.210526315789474 13 6 2 3 4 6 1 5 7 0 
6.117647058823529 13 4 2 3 4 7 1 5 6 0 
8.88888888888889 8 10 2 0 4 7 3 6 5 1 
8.88888888888889 8 10 0 2 4 7 6 3 5 1 
8.88888888888889 10 8 4 3 5 6 1 2 7 0 
8.842105263157896 7 12 6 3 5 7 0 2 4 1 
8.0 8 8 3 2 4 7 1 6 5 0 
7.5 10 6 1 3 5 6 4 2 7 0 
8.4 6 14 6 0 3 7 2 5 4 1 
4.9411764705882355 3 14 0 3 4 6 1 2 5 7 
6.4 4 16 0 6 4 7 1 3 2 5 
9.0 6 18 3 4 5 7 1 2 0 6 
8.0 5 20 3 4 0 6 1 2 5 7 
7.0588235294117645 5 12 6 3 4 7 2 5 1 0 
8.0 6 12 6 4 2 7 1 3 5 0 
8.727272727272728 6 16 6 4 0 7 3 2 5 1 
8.842105263157896 7 12 6 4 5 7 2 3 1 0 
9.0 6 18 0 2 3 7 6 1 4 5 
8.842105263157896 7 12 2 6 4 7 3 0 5 1 
1.8181818181818181 0 10 6 3 4 7 1 2 5 0 
8.470588235294118 9 8 1 3 4 6 0 5 7 2 
8.4 6 14 6 2 4 7 3 0 5 1 
1.875 15 0 1 3 5 7 2 4 6 0 
5.333333333333333 3 24 6 0 3 4 1 2 5 7 
6.666666666666667 4 20 6 2 3 7 1 0 4 5 
4.800000000000001 3 12 6 3 4 7 2 0 5 1 
8.275862068965518 5 24 6 3 5 4 0 1 2 7 
6.769230769230769 4 22 6 3 7 0 1 2 5 4 
4.615384615384615 3 10 0 3 4 7 6 2 5 1 
8.0 6 12 0 3 7 6 1 2 5 4 
8.88888888888889 10 8 3 4 5 7 2 0 6 1 
7.82608695652174 5 18 6 3 5 7 1 0 2 4 
7.5 6 10 2 6 4 7 0 3 5 1 
8.727272727272728 6 16 3 2 4 7 0 1 5 6 
6.0 4 12 6 0 4 7 2 3 5 1 
7.368421052631578 5 14 6 0 4 7 3 2 5 1 
9.0 6 18 6 3 4 1 7 2 5 0 
8.275862068965518 5 24 7 3 4 0 1 2 5 6 
7.764705882352941 11 6 3 0 5 7 2 4 6 1 
8.727272727272728 6 16 3 2 4 7 6 5 0 1 
7.619047619047619 5 16 6 3 4 7 5 1 2 0 
7.764705882352941 11 6 2 3 4 7 0 5 6 1 
6.666666666666666 5 10 6 3 5 7 1 2 4 0 
6.545454545454545 4 18 6 0 3 7 1 2 5 4 
6.222222222222223 4 14 6 3 7 5 1 2 4 0 
6.461538461538462 7 6 3 4 5 7 1 2 6 0 
7.368421052631578 5 14 6 3 0 7 2 5 4 1 
8.727272727272728 6 16 2 3 4 6 1 0 5 7 
3.6923076923076925 2 24 6 3 0 4 1 2 5 7 
8.842105263157896 7 12 3 6 4 7 0 2 5 1 
8.4 6 14 1 6 3 7 0 2 5 4 
3.4285714285714284 2 12 6 3 4 7 0 2 5 1 
8.275862068965518 5 24 6 3 4 1 2 0 5 7 
7.82608695652174 5 18 3 4 0 7 1 2 5 6 
8.0 5 20 6 2 3 7 1 4 0 5 
8.0 5 20 1 6 3 4 0 2 5 7 
5.142857142857143 3 18 6 3 0 7 1 2 5 4 
5.333333333333333 3 24 6 3 5 4 1 2 0 7 
8.727272727272728 6 16 6 4 7 5 1 3 2 0 
5.217391304347826 3 20 6 3 4 7 0 1 2 5 
7.5 10 6 0 3 4 7 1 5 6 2 
8.842105263157896 7 12 1 3 7 6 0 2 5 4 
8.0 6 12 7 3 4 6 1 2 5 0 
6.857142857142858 6 8 1 3 4 7 6 2 5 0 
7.466666666666667 7 8 0 2 4 7 3 6 5 1 
5.333333333333333 3 24 6 3 7 0 1 2 4 5 
6.857142857142858 8 6 0 3 4 7 2 6 5 1 
8.88888888888889 8 10 1 3 7 6 5 2 4 0 
8.4 6 14 1 3 7 6 0 2 4 5 
8.148148148148147 5 22 6 3 7 5 1 2 0 4 
3.1111111111111116 7 2 1 3 4 7 2 5 6 0 
8.727272727272728 6 16 6 3 7 5 0 2 4 1 
4.800000000000001 3 12 0 3 4 7 1 2 5 6 
8.88888888888889 10 8 1 6 3 7 2 5 4 0 
8.842105263157896 7 12 0 1 4 7 2 3 5 6 
7.82608695652174 5 18 3 2 4 6 1 0 5 7 
8.842105263157896 7 12 1 6 3 4 7 2 5 0 
7.199999999999999 9 6 2 3 4 7 1 6 5 0 
7.5 6 10 3 2 4 7 0 6 5 1 
8.727272727272728 6 16 1 6 3 7 2 0 4 5 
7.5 10 6 1 2 4 7 3 6 5 0 
8.275862068965518 5 24 6 2 3 4 0 1 5 7 
8.842105263157896 7 12 1 6 3 7 5 2 4 0 
8.88888888888889 8 10 0 2 4 7 6 3 5 1 
8.275862068965518 5 24 6 3 0 5 1 2 4 7 
6.857142857142858 6 8 1 3 4 7 6 2 5 0 
5.217391304347826 3 20 6 0 4 7 1 3 2 5 
5.090909090909091 7 4 1 3 4 6 2 5 7 0 
8.842105263157896 7 12 0 3 4 6 7 2 5 1 
6.857142857142857 4 24 6 3 4 5 1 2 0 7 
8.470588235294118 9 8 1 6 4 7 3 2 5 0 
7.619047619047619 5 16 3 2 4 7 1 0 5 6 
8.23529411764706 7 10 0 6 3 7 2 5 4 1 
6.545454545454545 4 18 0 3 4 7 6 1 2 5 
8.470588235294118 9 8 1 3 7 6 4 2 5 0 
8.88888888888889 10 8 1 3 5 4 6 2 7 0 
3.6363636363636362 2 20 6 3 4 7 1 0 2 5 
8.4 6 14 6 3 5 4 0 2 7 1 
9.0 6 18 7 3 0 4 6 2 5 1 
1.92 1 24 6 3 4 0 1 2 5 7 
8.727272727272728 6 16 1 3 4 6 2 5 0 7 
8.275862068965518 5 24 6 0 5 4 1 3 2 7 
3.6363636363636362 2 20 6 3 0 7 1 2 4 5 
8.275862068965518 5 24 6 2 3 4 1 5 0 7 
8.727272727272728 6 16 0 2 3 4 6 1 5 7 
7.0588235294117645 5 12 1 3 4 7 2 0 5 6 
8.0 5 20 6 3 4 0 7 2 5 1 
7.368421052631578 5 14 1 3 4 6 2 0 5 7 
8.148148148148147 5 22 3 0 4 7 6 1 2 5 
6.857142857142857 4 24 6 3 5 4 1 0 2 7 
5.866666666666666 11 4 1 3 4 7 2 6 5 0 
7.368421052631578 5 14 6 3 7 4 1 2 5 0 
7.5 10 6 0 4 5 7 3 2 6 1 
5.714285714285714 10 4 0 3 4 7 2 5 6 1 
8.842105263157896 7 12 2 0 4 7 6 3 5 1 
6.666666666666667 4 20 0 6 3 4 1 2 5 7 
8.4 6 14 6 4 5 7 2 3 0 1 
8.0 5 20 7 3 4 0 6 2 5 1 
7.466666666666667 7 8 2 3 4 7 0 6 5 1 
8.0 6 12 1 0 4 7 2 3 5 6 
7.0588235294117645 5 12 6 3 4 5 1 2 7 0 
7.5 10 6 0 3 4 6 2 5 7 1 
7.619047619047619 5 16 3 4 0 7 6 2 5 1 
8.88888888888889 10 8 0 3 4 6 1 5 7 2 
6.4 4 16 0 6 3 7 1 2 4 5 
8.0 5 20 6 2 3 7 0 1 4 5 
9.0 6 18 6 3 0 4 7 2 5 1 
8.387096774193548 5 26 6 4 7 0 1 3 2 5 
6.117647058823529 13 4 1 4 5 7 3 2 6 0 
6.545454545454545 4 18 3 0 4 6 1 2 5 7 
8.4 6 14 2 3 4 7 1 0 5 6 
3.4285714285714284 12 2 0 3 5 7 2 4 6 1 
7.82608695652174 5 18 6 2 3 7 1 0 5 4 
7.368421052631578 5 14 6 4 0 7 2 3 5 1 
7.5 6 10 6 2 3 7 1 4 5 0 
8.88888888888889 8 10 1 6 3 7 4 2 5 0 
8.0 5 20 6 3 5 0 1 2 7 4 
8.88888888888889 8 10 2 0 4 7 3 6 5 1 
6.857142857142857 4 24 6 3 4 1 0 2 5 7 
6.4 4 16 3 0 4 7 1 2 5 6 
8.148148148148147 5 22 6 4 2 7 1 3 0 5 
8.842105263157896 7 12 6 2 4 7 0 3 5 1 
8.0 5 20 0 3 4 1 6 2 5 7 
8.842105263157896 7 12 1 6 4 7 5 3 2 0 
6.769230769230769 4 22 6 4 0 7 1 3 2 5 
1.9047619047619047 1 20 6 3 4 7 1 2 0 5 
8.88888888888889 8 10 0 3 5 7 6 2 4 1 
8.727272727272728 6 16 3 4 5 7 6 2 0 1 
6.0 4 12 6 3 5 4 1 2 7 0 
6.222222222222223 4 14 3 0 4 7 6 2 5 1 
6.857142857142858 8 6 1 6 4 7 2 3 5 0 
7.368421052631578 5 14 0 3 7 6 1 2 4 5 
6.857142857142857 4 24 6 2 3 4 1 0 5 7 
8.4 6 14 1 3 4 7 2 5 0 6 
