63 59 4 1 5 3 4 6 0 7 2 
78 74 4 1 3 0 4 5 6 2 7 
78 75 3 1 0 3 4 5 6 2 7 
89 86 3 6 2 3 4 1 5 7 0 
44 40 4 1 3 5 4 2 6 0 7 
86 83 3 6 2 3 4 5 0 7 1 
9 3 6 6 3 4 7 0 1 2 5 
112 108 4 1 2 3 6 0 5 7 4 
25 23 2 1 3 5 7 2 6 4 0 
31 28 3 4 1 5 7 2 3 6 0 
71 68 3 1 5 3 2 4 6 7 0 
38 34 4 4 3 5 7 2 1 0 6 
33 30 3 0 3 5 7 2 1 6 4 
14 8 6 0 3 4 7 5 1 2 6 
28 26 2 1 3 5 7 4 2 6 0 
7 1 6 6 3 4 7 1 2 0 5 
27 24 3 1 0 5 7 2 3 6 4 
70 66 4 1 5 3 2 0 6 7 4 
16 11 5 1 3 4 7 5 0 2 6 
101 98 3 0 2 3 4 5 1 7 6 
97 93 4 1 3 0 4 5 2 7 6 
80 76 4 1 6 3 4 5 0 2 7 
74 70 4 1 3 0 2 5 6 7 4 
59 55 4 1 6 3 4 0 5 7 2 
21 18 3 1 3 4 7 2 6 5 0 
44 41 3 1 3 5 4 2 6 7 0 
63 60 3 1 5 3 4 0 6 7 2 
17 12 5 1 3 4 7 5 2 0 6 
67 63 4 1 5 3 0 2 6 7 4 
29 25 4 1 5 0 7 2 3 6 4 
16 13 3 1 3 4 7 5 2 6 0 
95 93 2 1 2 3 4 5 7 6 0 
110 108 2 1 2 3 4 0 6 7 5 
113 110 3 1 2 3 6 4 5 7 0 
76 73 3 4 1 3 2 5 6 7 0 
84 80 4 7 1 3 4 5 6 0 2 
42 39 3 1 3 5 4 2 0 6 7 
93 89 4 0 2 3 4 1 5 7 6 
110 107 3 1 2 3 4 6 0 7 5 
21 17 4 1 3 4 7 2 6 0 5 
22 18 4 1 4 0 7 2 3 6 5 
99 96 3 6 1 3 4 5 2 7 0 
97 93 4 0 1 3 4 5 2 7 6 
29 25 4 0 1 5 7 2 3 6 4 
100 96 4 2 1 3 4 5 0 7 6 
115 111 4 1 2 3 0 6 5 7 4 
72 69 3 1 0 3 2 5 6 7 4 
55 52 3 0 1 3 4 5 6 7 2 
106 102 4 6 2 3 0 5 1 7 4 
110 107 3 4 2 3 6 5 1 7 0 
48 45 3 1 0 3 4 2 6 7 5 
110 107 3 1 2 3 6 5 0 7 4 
25 21 4 1 3 0 7 2 6 5 4 
83 79 4 1 6 3 0 5 2 7 4 
48 44 4 1 3 0 4 2 6 7 5 
50 46 4 0 1 3 4 2 6 7 5 
42 39 3 7 3 5 4 2 1 6 0 
64 62 2 1 5 3 4 2 6 7 0 
27 24 3 1 3 5 7 0 2 6 4 
55 53 2 1 0 3 4 5 6 7 2 
103 101 2 6 2 3 4 5 1 7 0 
74 72 2 1 3 2 4 5 6 7 0 
74 70 4 0 1 3 2 5 6 7 4 
94 92 2 1 2 3 4 6 5 7 0 
40 36 4 0 3 5 4 2 1 6 7 
5 0 5 6 3 4 7 1 2 5 0 
77 73 4 1 3 2 4 5 6 0 7 
25 22 3 1 3 5 7 2 6 0 4 
86 82 4 6 0 3 4 5 2 7 1 
74 70 4 1 6 3 2 5 0 7 4 
35 33 2 4 3 5 7 2 1 6 0 
75 71 4 1 3 2 0 5 6 7 4 
82 79 3 7 1 3 4 5 6 2 0 
108 104 4 6 2 3 4 1 0 7 5 
25 23 2 1 3 5 7 2 0 6 4 
57 54 3 1 3 0 4 5 6 7 2 
21 17 4 1 0 4 7 2 3 6 5 
110 110 0 1 2 3 4 5 6 7 0 
101 97 4 2 0 3 4 5 1 7 6 
76 72 4 2 1 3 0 5 6 7 4 
107 103 4 6 2 3 4 0 1 7 5 
85 81 4 0 6 3 4 5 2 7 1 
93 91 2 1 2 3 4 5 0 7 6 
108 104 4 0 2 3 6 5 1 7 4 
108 104 4 6 2 0 4 5 1 7 3 
95 92 3 1 2 3 4 5 7 0 6 
88 84 4 6 2 3 4 0 5 7 1 
78 74 4 4 1 3 0 5 6 7 2 
8 2 6 6 3 4 7 1 0 2 5 
57 54 3 1 6 3 4 5 0 7 2 
52 49 3 5 1 3 4 2 6 7 0 
114 110 4 1 2 3 0 5 7 4 6 
93 90 3 1 2 3 4 0 5 7 6 
115 111 4 1 2 3 0 4 5 7 6 
112 108 4 1 2 3 6 5 7 0 4 
33 29 4 3 0 5 7 2 1 6 4 
32 28 4 3 1 5 7 2 0 6 4 
60 57 3 1 6 3 4 2 5 7 0 
80 78 2 1 6 3 4 5 2 7 0 
81 77 4 1 6 3 4 5 2 0 7 
38 34 4 4 3 5 0 2 1 6 7 
19 16 3 1 3 4 7 2 0 6 5 
112 109 3 1 2 3 6 5 7 4 0 
112 108 4 4 2 3 0 5 1 7 6 
44 40 4 1 0 5 4 2 3 6 7 
112 108 4 1 0 3 6 5 2 7 4 
62 58 4 1 0 3 4 6 5 7 2 
10 5 5 6 3 4 7 5 1 2 0 
108 104 4 0 2 3 4 6 1 7 5 
57 55 2 2 1 3 4 5 6 7 0 
80 76 4 0 1 3 4 5 6 2 7 
39 35 4 4 3 5 7 2 0 1 6 
95 92 3 1 0 3 4 5 2 7 6 
55 51 4 5 1 3 4 0 6 7 2 
19 15 4 1 3 4 7 0 2 6 5 
