5.846153846153847 114 3 1 3 2 7 6 4 5 0 
5.990580847723706 1908 3 1 2 3 6 4 5 7 0 
7.959493670886077 786 4 1 6 0 4 5 2 7 3 
7.983272347098798 1909 4 1 2 3 0 6 5 7 4 
1.7142857142857142 1 6 6 3 4 7 1 2 0 5 
7.950920245398772 648 4 1 5 0 4 3 6 7 2 
7.953956834532375 691 4 1 6 3 4 0 2 7 5 
7.943262411347518 560 4 1 0 5 4 2 3 6 7 
7.983919597989949 1986 4 1 2 3 0 4 5 7 6 
7.9433628318584075 561 4 1 3 5 4 0 6 7 2 
7.943262411347518 560 4 1 3 5 0 2 6 7 4 
3.9937743190661483 1283 2 1 2 3 4 6 5 7 0 
7.981031416716065 1683 4 0 2 3 4 6 1 7 5 
1.6666666666666667 0 5 6 3 4 7 1 2 5 0 
5.981909547738693 992 3 1 2 6 4 5 7 3 0 
7.7681159420289845 134 4 1 3 2 7 0 4 5 6 
7.966065747613998 939 4 1 2 6 4 5 7 0 3 
10.956521739130435 63 6 0 3 2 7 6 1 4 5 
7.976278724981467 1345 4 2 1 3 4 5 0 7 6 
7.877862595419847 258 4 1 3 5 7 4 2 0 6 
7.96958174904943 1048 4 1 2 0 4 5 7 3 6 
10.714285714285715 50 6 6 3 2 7 0 1 4 5 
7.863829787234042 231 4 1 3 5 7 4 0 2 6 
5.9897669130187605 1756 3 4 2 3 6 5 1 7 0 
7.93429158110883 483 4 1 3 5 4 2 6 0 7 
7.982561307901908 1831 4 4 2 3 0 5 1 7 6 
5.979775280898877 887 3 1 2 6 4 5 0 7 3 
7.943462897526502 562 4 1 3 0 4 2 6 7 5 
3.989174560216509 737 2 1 6 3 4 5 2 7 0 
7.76978417266187 135 4 1 3 0 7 6 4 5 2 
7.982561307901908 1831 4 1 2 3 6 5 7 0 4 
7.980185758513932 1611 4 6 2 3 4 5 1 0 7 
7.928888888888888 446 4 1 3 5 0 2 6 4 7 
5.970198675496689 601 3 1 3 5 4 7 2 6 0 
9.404761904761903 79 5 1 3 2 7 6 0 4 5 
9.120000000000001 19 6 6 3 0 7 5 1 2 4 
5.9866468842729965 1345 3 6 1 3 4 5 2 7 0 
3.956043956043956 180 2 1 3 5 7 6 4 2 0 
7.975116640746501 1282 4 0 1 3 4 5 2 7 6 
7.961904761904763 836 4 1 0 6 4 5 2 7 3 
3.9931330472103004 1163 2 1 2 3 4 5 0 7 6 
5.8875 157 3 1 3 5 7 6 4 0 2 
5.98530612244898 1222 3 1 2 3 4 0 5 7 6 
7.950540958268934 643 4 1 3 5 0 7 2 6 4 
7.864978902953587 233 4 1 0 5 7 3 4 2 6 
5.98375451263538 1105 3 1 2 3 4 5 7 0 6 
6.875 11 5 6 3 4 7 5 1 2 0 
1.9989528795811518 1909 0 1 2 3 4 5 6 7 0 
7.981020166073546 1682 4 0 2 3 6 5 1 7 4 
7.981008902077151 1681 4 6 2 3 4 5 0 1 7 
5.952879581151833 379 3 1 3 5 7 2 6 0 4 
7.982561307901908 1831 4 1 2 3 6 0 5 7 4 
4.0 3 6 6 3 0 7 1 2 4 5 
3.972222222222222 286 2 1 3 5 7 4 2 6 0 
7.980185758513932 1611 4 6 2 3 0 5 1 7 4 
7.863829787234042 231 4 0 3 5 7 1 4 2 6 
7.947368421052631 604 4 1 0 5 4 3 6 7 2 
5.990575916230367 1907 3 1 2 3 6 5 7 4 0 
3.9770773638968477 347 2 1 3 5 7 2 0 6 4 
3.9806763285024154 412 2 1 3 5 7 2 6 4 0 
7.98390342052314 1984 4 1 2 3 0 5 7 4 6 
5.943573667711599 316 3 1 3 5 7 0 2 6 4 
5.965648854961833 521 3 1 3 5 4 2 0 6 7 
5.98530612244898 1222 3 1 0 3 4 5 2 7 6 
7.980210265924551 1613 4 6 2 0 4 5 1 7 3 
5.989772727272728 1757 3 1 2 3 4 6 0 7 5 
7.891525423728814 291 4 6 3 5 7 0 4 2 1 
5.970345963756178 604 3 1 0 3 4 2 6 7 5 
7.981031416716065 1683 4 6 2 3 4 1 0 7 5 
5.913461538461538 205 3 1 3 5 7 0 4 2 6 
7.891156462585034 290 4 6 3 5 7 1 4 0 2 
5.952879581151833 379 3 1 0 5 7 2 3 6 4 
8.837209302325581 38 5 6 3 2 7 5 1 4 0 
5.965648854961833 521 3 1 3 5 4 2 6 7 0 
5.931558935361218 260 3 6 3 5 7 1 4 2 0 
5.989772727272728 1757 3 5 2 3 4 6 1 7 0 
4.0 3 6 6 3 4 7 1 0 2 5 
5.9897669130187605 1756 3 1 2 3 6 5 0 7 4 
7.68 96 4 1 3 2 7 6 4 0 5 
7.9508448540706596 647 4 1 6 3 4 2 0 7 5 
7.9471947194719466 602 4 1 3 5 0 4 2 6 7 
6.0 6 6 6 3 4 7 0 1 2 5 
5.9878131347325665 1474 3 0 2 3 4 5 1 7 6 
3.994818652849741 1542 2 6 2 3 4 5 1 7 0 
3.9931330472103004 1163 2 1 2 3 4 5 7 6 0 
7.980198019801981 1612 4 6 2 3 4 0 1 7 5 
7.977353149327673 1409 4 2 0 3 4 5 1 7 6 
7.902140672782875 323 4 0 3 5 7 6 4 2 1 
3.995637949836423 1832 2 1 2 3 4 0 6 7 5 
7.982561307901908 1831 4 1 0 3 6 5 2 7 4 
9.882352941176471 28 6 6 3 2 7 5 1 0 4 
7.943262411347518 560 4 1 3 5 4 0 2 6 7 
