0 0 6 3 4 7 1 2 5 0
6 3 0 3 4 7 1 2 5 6
1 4 1 3 4 7 0 2 5 6
6 6 1 3 4 7 6 2 5 0
1 9 0 3 4 7 6 2 5 1
6 10 6 3 4 7 0 2 5 1
2 11 6 3 4 7 2 0 5 1
3 12 6 0 4 7 2 3 5 1
6 13 0 6 4 7 2 3 5 1
2 14 2 6 4 7 0 3 5 1
6 17 2 0 4 7 6 3 5 1
3 18 2 3 4 7 6 0 5 1
6 19 2 3 4 7 0 6 5 1
3 22 2 0 4 7 3 6 5 1
2 23 0 2 4 7 3 6 5 1
3 24 3 2 4 7 0 6 5 1
7 27 3 2 4 0 7 6 5 1
1 28 3 2 4 1 7 6 5 0
3 31 0 2 4 1 7 6 5 3
1 33 1 2 4 0 7 6 5 3
4 34 1 2 0 4 7 6 5 3
2 35 1 0 2 4 7 6 5 3
1 36 0 1 2 4 7 6 5 3
3 39 3 1 2 4 7 6 5 0
2 42 3 1 0 4 7 6 5 2
1 43 3 0 1 4 7 6 5 2
3 44 0 3 1 4 7 6 5 2
2 47 2 3 1 4 7 6 5 0
1 50 2 3 0 4 7 6 5 1
3 51 2 0 3 4 7 6 5 1
2 52 0 2 3 4 7 6 5 1
1 55 1 2 3 4 7 6 5 0
4 56 1 2 3 0 7 6 5 4
7 59 1 2 3 7 0 6 5 4
4 61 1 2 3 7 4 6 5 0
1 64 0 2 3 7 4 6 5 1
2 65 2 0 3 7 4 6 5 1
3 66 2 3 0 7 4 6 5 1
5 67 2 3 5 7 4 6 0 1
6 68 2 3 5 7 4 0 6 1
4 69 2 3 5 7 0 4 6 1
2 70 0 3 5 7 2 4 6 1
1 73 1 3 5 7 2 4 6 0
1570 0.036033
