0 0 6 3 4 7 1 2 5 0
5 1 6 3 4 7 1 2 0 5
2 2 6 3 4 7 1 0 2 5
1 3 6 3 4 7 0 1 2 5
5 5 6 3 4 7 5 1 2 0
2 6 6 3 4 7 5 1 0 2
4 7 6 3 0 7 5 1 4 2
3 8 6 0 3 7 5 1 4 2
1 9 6 1 3 7 5 0 4 2
4 10 6 1 3 7 5 4 0 2
2 11 6 1 3 7 5 4 2 0
5 13 6 1 3 7 0 4 2 5
1 16 6 0 3 7 1 4 2 5
3 17 6 3 0 7 1 4 2 5
2 18 6 3 2 7 1 4 0 5
5 19 6 3 2 7 1 4 5 0
1 21 6 3 2 7 0 4 5 1
6 22 0 3 2 7 6 4 5 1
1 25 1 3 2 7 6 4 5 0
2 28 1 3 0 7 6 4 5 2
5 29 1 3 5 7 6 4 0 2
2 30 1 3 5 7 6 4 2 0
6 32 1 3 5 7 0 4 2 6
7 35 1 3 5 0 7 4 2 6
6 36 1 3 5 6 7 4 2 0
7 38 1 3 5 6 0 4 2 7
6 41 1 3 5 0 6 4 2 7
2 44 1 3 5 2 6 4 0 7
7 45 1 3 5 2 6 4 7 0
6 47 1 3 5 2 0 4 7 6
2 50 1 3 5 0 2 4 7 6
7 53 1 3 5 7 2 4 0 6
6 54 1 3 5 7 2 4 6 0
775 0.013011
