22.861660079051386 241 12 6 2 4 7 0 3 5 1 
18.47328244274809 121 10 0 6 4 7 1 3 5 2 
21.405405405405407 99 12 2 0 4 7 6 3 5 1 
8.842105263157896 7 12 1 3 4 7 0 2 5 6 
7.825136612021858 179 4 1 3 4 7 2 6 5 0 
15.152317880794701 143 8 2 6 4 7 1 3 5 0 
9.904761904761905 13 8 1 3 4 7 6 2 5 0 
13.75 22 10 0 3 4 7 6 2 5 1 
19.41176470588235 330 10 3 2 4 7 0 6 5 1 
22.819672131147545 232 12 3 2 4 0 7 6 5 1 
22.552763819095482 187 12 1 0 4 7 2 3 5 6 
11.798882681564246 352 6 1 3 2 4 7 6 5 0 
22.53807106598985 185 12 0 2 4 7 1 3 5 6 
19.25925925925926 260 10 3 2 0 4 7 6 5 1 
1.998726925525143 1570 0 1 3 5 7 2 4 6 0 
11.558282208588958 157 6 2 3 4 7 1 6 5 0 
19.544419134396353 429 10 0 1 2 4 7 6 5 3 
19.828620394173093 1157 10 2 0 3 7 4 6 5 1 
15.123287671232877 138 8 1 2 4 7 6 3 5 0 
15.524163568773234 261 8 0 2 4 3 7 6 5 1 
15.396226415094338 204 8 1 3 4 7 0 6 5 2 
7.962616822429906 852 4 1 2 3 4 7 6 5 0 
19.456521739130434 358 10 1 2 0 4 7 6 5 3 
18.809523809523807 158 10 2 0 4 7 3 6 5 1 
19.183673469387752 235 10 1 2 4 7 0 6 5 3 
19.497487437185928 388 10 1 3 0 4 7 6 5 2 
15.73109243697479 468 8 3 1 2 4 7 6 5 0 
18.4251968503937 117 10 0 2 4 7 6 3 5 1 
17.82608695652174 82 10 2 6 4 7 0 3 5 1 
4.800000000000001 3 12 0 3 4 7 1 2 5 6 
15.728237791932058 463 8 0 1 3 4 7 6 5 2 
19.503722084367247 393 10 1 0 2 4 7 6 5 3 
22.72566371681416 214 12 0 1 4 7 2 3 5 6 
19.069767441860463 205 10 3 2 4 7 0 6 5 1 
15.322751322751325 181 8 0 2 4 7 3 6 5 1 
21.76744186046512 117 12 2 3 4 7 6 0 5 1 
15.704387990762125 425 8 1 0 3 4 7 6 5 2 
15.11111111111111 136 8 2 3 4 7 0 6 5 1 
23.04950495049505 291 12 0 2 4 1 7 6 5 3 
23.778801843317975 1290 12 2 3 5 7 4 6 0 1 
11.858823529411765 504 6 2 1 3 4 7 6 5 0 
15.578947368421053 296 8 3 2 4 7 1 6 5 0 
18.214285714285715 102 10 1 6 4 7 0 3 5 2 
15.883636363636365 1092 8 0 2 3 7 4 6 5 1 
23.142857142857146 324 12 1 2 4 0 7 6 5 3 
18.87005649717514 167 10 2 6 4 7 0 3 5 1 
18.763636363636365 43 12 6 3 4 7 2 0 5 1 
22.054054054054056 136 12 6 2 4 7 0 3 5 1 
11.200000000000001 84 6 1 6 4 7 2 3 5 0 
11.661971830985916 207 6 1 2 4 7 3 6 5 0 
23.686956521739134 908 12 1 2 3 0 7 6 5 4 
7.977638015373864 1427 4 2 3 5 7 0 4 6 1 
19.25925925925926 260 10 3 2 4 1 7 6 5 0 
19.27007299270073 264 10 0 2 4 7 1 6 5 3 
14.31578947368421 68 8 0 6 4 7 2 3 5 1 
1.8181818181818181 0 10 6 3 4 7 1 2 5 0 
15.6085626911315 319 8 0 3 2 4 7 6 5 1 
19.71590909090909 694 10 2 3 0 4 7 6 5 1 
11.93036750483559 1028 6 1 2 3 7 4 6 5 0 
17.454545454545457 32 12 6 3 4 7 0 2 5 1 
15.830013280212484 745 8 2 0 3 4 7 6 5 1 
15.906295754026354 1358 8 2 3 5 7 4 0 6 1 
19.18032786885246 234 10 1 0 4 7 3 6 5 2 
11.910336239103362 797 6 0 2 3 4 7 6 5 1 
19.335548172757473 291 10 2 0 4 3 7 6 5 1 
19.261992619926197 261 10 0 1 4 7 3 6 5 2 
23.70582226762002 967 12 1 2 3 7 0 6 5 4 
11.555555555555555 156 6 0 3 4 7 2 6 5 1 
23.7668016194332 1223 12 2 3 0 7 4 6 5 1 
18.93048128342246 177 10 3 0 4 7 2 6 5 1 
19.331103678929765 289 10 3 0 2 4 7 6 5 1 
3.994663108739159 1497 2 0 3 5 7 2 4 6 1 
23.490265486725665 553 12 3 0 1 4 7 6 5 2 
15.574750830564785 293 8 2 1 4 7 3 6 5 0 
22.72566371681416 214 12 1 3 4 7 2 0 5 6 
19.21259842519685 244 10 6 1 4 7 2 3 5 0 
19.27536231884058 266 10 1 0 4 7 2 6 5 3 
15.803680981595091 644 8 2 3 1 4 7 6 5 0 
19.350649350649352 298 10 0 1 4 7 2 6 5 3 
15.624633431085046 333 8 3 1 4 7 2 6 5 0 
15.401869158878505 206 8 1 3 4 7 0 6 5 2 
19.701492537313435 55 12 6 0 4 7 2 3 5 1 
19.670510708401974 597 10 0 3 1 4 7 6 5 2 
11.759197324414716 293 6 1 2 4 3 7 6 5 0 
15.322751322751325 181 8 0 3 4 7 1 6 5 2 
22.33526011560694 161 12 1 2 4 7 0 3 5 6 
23.448275862068964 510 12 3 1 0 4 7 6 5 2 
19.173553719008265 232 10 1 0 4 7 3 6 5 2 
19.0990990990991 212 10 6 2 4 7 1 3 5 0 
