9.600000000000001 8 12 2 5 3 6 4 1 7 0 
9.23076923076923 6 20 1 3 0 6 5 2 4 7 
7.5 6 10 1 2 0 3 6 5 7 4 
8.88888888888889 8 10 1 2 7 3 6 5 4 0 
9.333333333333334 7 14 1 0 3 7 5 2 6 4 
8.0 8 8 1 3 6 4 2 7 5 0 
8.727272727272728 6 16 2 5 3 6 0 1 7 4 
5.714285714285714 10 4 1 2 3 4 7 5 6 0 
10.181818181818182 8 14 5 3 7 6 2 0 4 1 
9.23076923076923 6 20 5 3 6 1 2 0 7 4 
7.5 6 10 5 1 3 4 6 2 7 0 
8.4 6 14 0 5 3 6 1 2 7 4 
9.0 6 18 5 2 3 6 1 0 7 4 
10.08 7 18 2 3 6 1 5 0 7 4 
10.08 7 18 5 1 3 6 0 7 4 2 
8.88888888888889 10 8 0 3 7 6 1 4 5 2 
7.5 10 6 0 2 4 3 5 7 6 1 
6.461538461538462 7 6 1 3 4 7 5 2 6 0 
8.88888888888889 8 10 1 3 7 4 5 2 6 0 
10.0 10 10 0 3 4 7 1 2 6 5 
10.181818181818182 14 8 0 2 3 7 4 5 6 1 
9.600000000000001 6 24 6 1 3 4 5 0 2 7 
10.0 10 10 1 3 6 4 0 5 7 2 
8.0 8 8 1 0 2 4 5 7 6 3 
8.4 6 14 1 0 3 4 5 2 6 7 
7.368421052631578 5 14 1 3 7 6 0 2 4 5 
7.619047619047619 5 16 1 2 3 6 0 7 4 5 
9.473684210526315 9 10 2 3 6 4 0 5 7 1 
9.600000000000001 8 12 4 2 3 6 0 5 7 1 
5.538461538461538 9 4 0 2 3 4 6 5 7 1 
8.842105263157896 7 12 1 0 2 3 4 5 7 6 
5.333333333333333 8 4 1 3 7 6 2 4 5 0 
9.904761904761905 13 8 0 2 6 4 3 5 7 1 
8.842105263157896 7 12 0 2 3 1 4 5 7 6 
7.82608695652174 5 18 4 1 3 0 5 2 7 6 
10.08 7 18 3 0 6 4 1 2 7 5 
9.73913043478261 7 16 1 2 6 3 5 7 0 4 
8.0 12 6 2 0 3 4 5 7 6 1 
10.08 7 18 1 5 3 6 2 7 0 4 
10.08 7 18 1 2 6 4 0 7 3 5 
7.82608695652174 5 18 0 1 7 6 5 3 2 4 
7.466666666666667 7 8 1 2 0 4 5 7 6 3 
9.473684210526315 9 10 1 0 2 3 5 7 6 4 
10.08 7 18 5 2 3 6 0 1 7 4 
3.5999999999999996 2 18 5 1 3 6 0 2 7 4 
6.0 4 12 5 1 3 6 4 2 7 0 
9.428571428571429 6 22 5 1 2 6 0 7 3 4 
8.88888888888889 8 10 1 2 4 0 5 7 6 3 
9.73913043478261 7 16 2 0 1 6 5 7 3 4 
9.904761904761905 13 8 3 2 4 1 5 7 6 0 
8.88888888888889 8 10 2 1 6 4 5 7 3 0 
8.0 6 12 1 3 6 5 2 0 7 4 
8.0 5 20 5 3 6 1 0 2 7 4 
9.600000000000001 8 12 0 1 2 3 4 5 7 6 
9.73913043478261 7 16 1 2 3 5 0 7 4 6 
10.08 7 18 0 5 1 6 2 7 3 4 
7.619047619047619 5 16 2 5 3 6 1 0 7 4 
5.538461538461538 9 4 2 1 3 4 6 5 7 0 
9.0 6 18 5 1 0 3 6 2 7 4 
4.0 3 6 1 2 3 6 5 7 4 0 
9.473684210526315 9 10 1 2 3 0 5 7 6 4 
9.23076923076923 6 20 5 3 6 0 2 1 7 4 
8.387096774193548 5 26 6 1 7 3 5 2 0 4 
1.8461538461538463 1 12 1 2 3 6 5 0 7 4 
7.764705882352941 11 6 1 2 3 7 4 5 6 0 
7.368421052631578 5 14 0 3 7 6 1 5 2 4 
8.0 6 12 1 3 0 6 2 5 7 4 
7.466666666666667 7 8 1 3 6 5 4 2 7 0 
10.08 7 18 1 0 2 6 4 5 3 7 
8.88888888888889 8 10 1 5 3 6 2 7 4 0 
9.75 6 26 6 1 7 3 5 0 2 4 
10.181818181818182 8 14 0 1 3 7 5 2 6 4 
9.600000000000001 8 12 2 3 0 6 5 7 4 1 
10.181818181818182 8 14 1 2 3 7 0 5 4 6 
4.615384615384615 3 10 1 3 7 6 5 2 4 0 
10.08 7 18 2 1 6 0 5 7 3 4 
8.210526315789474 13 6 1 0 3 4 6 5 7 2 
10.08 7 18 1 2 3 6 7 4 0 5 
8.470588235294118 9 8 1 2 0 4 6 5 7 3 
9.600000000000001 6 24 4 1 3 6 5 0 2 7 
9.23076923076923 6 20 6 1 3 4 0 2 7 5 
10.08 7 18 4 1 3 6 2 0 7 5 
9.23076923076923 6 20 5 3 7 6 2 1 0 4 
8.842105263157896 7 12 2 5 3 6 1 7 4 0 
9.0 6 18 6 2 0 3 1 5 7 4 
9.600000000000001 8 12 6 1 3 5 4 2 7 0 
9.600000000000001 8 12 1 2 6 4 0 5 7 3 
9.600000000000001 8 12 4 1 2 6 5 7 3 0 
1.8666666666666667 1 14 1 3 0 6 5 2 7 4 
8.88888888888889 8 10 2 3 6 4 5 1 7 0 
9.600000000000001 6 24 1 7 6 0 5 3 2 4 
10.08 7 18 3 2 6 1 0 5 7 4 
6.461538461538462 7 6 2 1 3 6 4 5 7 0 
5.866666666666666 11 4 1 2 4 3 6 5 7 0 
7.619047619047619 5 16 2 1 3 6 5 7 0 4 
9.333333333333334 7 14 1 2 4 3 5 0 7 6 
9.73913043478261 7 16 1 3 6 5 2 7 0 4 
9.263157894736842 11 8 2 0 4 3 5 7 6 1 
9.23076923076923 6 20 1 0 6 4 5 3 2 7 
7.199999999999999 9 6 1 2 6 3 4 5 7 0 
9.600000000000001 12 8 0 2 3 5 6 7 4 1 
9.904761904761905 13 8 3 2 4 6 1 5 7 0 
6.545454545454545 4 18 6 1 0 3 5 2 7 4 
9.23076923076923 6 20 6 1 3 5 0 2 7 4 
8.0 8 8 2 0 3 6 4 5 7 1 
9.600000000000001 8 12 1 2 6 0 4 5 7 3 
6.4 4 16 1 2 6 0 5 7 3 4 
10.0 10 10 1 3 4 7 2 0 6 5 
9.0 6 18 3 2 6 1 5 0 7 4 
9.23076923076923 6 20 2 5 3 6 1 7 0 4 
9.263157894736842 11 8 4 1 2 3 6 5 7 0 
7.368421052631578 5 14 2 0 3 6 5 1 7 4 
5.714285714285714 4 10 6 1 3 4 5 2 7 0 
10.0 10 10 4 1 3 5 6 2 7 0 
9.333333333333334 7 14 1 5 3 6 0 2 7 4 
5.142857142857143 3 18 1 3 7 6 5 0 2 4 
8.88888888888889 8 10 0 1 2 3 6 5 7 4 
8.4 6 14 0 3 7 6 1 2 4 5 
7.619047619047619 5 16 1 3 0 4 5 2 6 7 
10.181818181818182 8 14 0 2 1 6 5 7 3 4 
7.5 6 10 4 2 3 6 1 5 7 0 
9.473684210526315 9 10 1 5 3 6 4 2 7 0 
9.333333333333334 7 14 0 1 3 4 5 2 6 7 
6.222222222222223 4 14 1 0 2 6 5 7 3 4 
9.73913043478261 7 16 2 0 3 1 5 7 4 6 
9.73913043478261 7 16 3 0 6 5 1 2 7 4 
9.73913043478261 7 16 2 1 3 0 5 7 4 6 
9.333333333333334 7 14 1 3 7 6 2 4 0 5 
9.73913043478261 7 16 4 1 0 6 5 2 7 3 
8.4 6 14 0 3 6 4 1 2 7 5 
7.5 6 10 6 2 3 4 1 5 7 0 
8.4 14 6 0 2 4 3 6 5 7 1 
8.842105263157896 7 12 5 3 6 4 2 1 7 0 
9.73913043478261 7 16 1 0 7 6 3 5 2 4 
10.08 7 18 2 0 6 1 5 7 3 4 
8.842105263157896 7 12 3 0 6 4 5 2 7 1 
10.08 7 18 4 0 1 3 5 2 7 6 
8.0 8 8 1 2 3 6 7 4 5 0 
10.181818181818182 8 14 1 3 4 7 0 5 2 6 
9.904761904761905 13 8 5 3 4 7 1 2 6 0 
8.0 8 8 1 3 4 6 5 2 7 0 
7.82608695652174 5 18 5 0 3 6 1 2 7 4 
9.73913043478261 7 16 1 2 6 5 0 7 3 4 
10.181818181818182 8 14 1 2 3 7 5 0 6 4 
8.23529411764706 7 10 0 2 3 1 6 5 7 4 
8.88888888888889 10 8 1 0 2 4 6 5 7 3 
10.0 10 10 1 2 0 3 5 7 6 4 
7.5 10 6 2 0 3 4 6 5 7 1 
9.600000000000001 6 24 4 1 0 6 5 2 3 7 
9.0 6 18 1 0 3 7 5 2 4 6 
9.0 6 18 4 1 0 3 5 2 7 6 
10.181818181818182 8 14 5 3 6 4 2 0 7 1 
10.08 7 18 1 0 3 6 7 2 4 5 
9.0 6 18 1 2 3 6 7 0 4 5 
9.600000000000001 8 12 1 2 3 4 0 5 7 6 
10.08 7 18 2 3 6 0 5 1 7 4 
7.82608695652174 5 18 5 3 0 6 2 1 7 4 
7.5 6 10 1 3 7 6 4 5 2 0 
9.428571428571429 6 22 5 1 3 0 2 7 4 6 
9.600000000000001 8 12 1 3 0 6 2 4 7 5 
10.08 7 18 0 3 6 4 1 5 2 7 
10.0 10 10 0 1 2 3 5 7 6 4 
9.333333333333334 7 14 1 3 7 6 2 5 0 4 
9.600000000000001 8 12 0 1 2 6 5 7 4 3 
8.210526315789474 13 6 0 2 3 4 7 5 6 1 
8.23529411764706 7 10 1 2 0 6 4 5 7 3 
10.0 10 10 1 3 7 6 0 5 4 2 
10.0 10 10 0 2 4 6 1 5 7 3 
8.727272727272728 6 16 2 3 7 6 1 5 0 4 
8.88888888888889 10 8 0 1 3 6 4 5 7 2 
9.263157894736842 11 8 0 3 6 4 2 5 7 1 
9.73913043478261 7 16 5 1 6 4 2 7 3 0 
9.263157894736842 11 8 2 3 0 4 6 5 7 1 
8.0 6 12 0 2 3 6 5 1 7 4 
8.4 6 14 1 2 6 4 5 7 0 3 
10.08 7 18 3 0 7 6 1 2 4 5 
4.363636363636364 3 8 1 3 6 4 5 2 7 0 
9.73913043478261 7 16 1 2 3 4 6 5 0 7 
10.0 10 10 1 2 0 3 5 7 6 4 
6.769230769230769 4 22 1 3 7 0 5 2 4 6 
10.181818181818182 8 14 1 0 3 5 4 2 7 6 
8.470588235294118 9 8 1 0 3 6 4 5 7 2 
9.75 6 26 5 1 0 6 4 2 3 7 
10.0 10 10 0 3 7 6 1 5 4 2 
8.842105263157896 7 12 0 1 3 4 5 2 7 6 
9.333333333333334 7 14 1 5 3 6 0 2 7 4 
8.148148148148147 5 22 5 1 0 6 2 7 3 4 
10.08 7 18 1 0 3 6 4 2 5 7 
8.88888888888889 10 8 0 3 7 6 2 5 4 1 
10.08 7 18 1 3 6 4 2 7 0 5 
8.88888888888889 8 10 1 2 0 3 5 7 6 4 
8.842105263157896 7 12 0 1 3 4 6 2 7 5 
9.23076923076923 6 20 3 6 0 1 5 2 7 4 
6.222222222222223 4 14 1 3 7 6 0 5 2 4 
9.600000000000001 8 12 1 2 3 4 5 0 7 6 
9.473684210526315 9 10 1 2 3 0 5 7 6 4 
1.8461538461538463 0 12 1 0 3 6 5 2 7 4 
5.142857142857143 3 18 6 1 3 0 5 2 7 4 
8.842105263157896 7 12 0 1 3 5 6 2 7 4 
9.473684210526315 9 10 1 2 3 7 0 5 6 4 
9.904761904761905 13 8 4 2 3 7 1 5 6 0 
9.333333333333334 7 14 1 2 3 4 5 0 6 7 
9.600000000000001 8 12 1 2 3 4 5 0 7 6 
9.473684210526315 9 10 1 2 6 5 4 7 3 0 
8.88888888888889 8 10 1 2 4 0 5 7 6 3 
9.600000000000001 8 12 4 2 3 6 0 5 7 1 
9.0 6 18 1 3 4 0 5 2 6 7 
9.600000000000001 8 12 2 0 3 1 6 5 7 4 
10.08 7 18 5 1 0 6 4 2 7 3 
10.0 10 10 0 1 3 2 6 5 7 4 
9.600000000000001 8 12 1 0 6 4 5 2 7 3 
9.0 6 18 6 2 1 3 5 0 7 4 
10.181818181818182 8 14 1 2 3 4 5 6 0 7 
8.727272727272728 6 16 0 2 6 1 5 7 3 4 
10.0 10 10 1 0 3 6 5 7 4 2 
3.5555555555555554 2 16 1 3 6 0 5 2 7 4 
9.904761904761905 13 8 4 1 3 2 6 5 7 0 
7.368421052631578 5 14 1 2 0 3 5 7 4 6 
9.600000000000001 8 12 2 1 3 0 6 5 7 4 
9.263157894736842 11 8 0 3 7 6 1 4 5 2 
9.473684210526315 9 10 1 3 4 7 0 2 6 5 
10.181818181818182 8 14 0 2 6 1 3 5 7 4 
8.842105263157896 7 12 1 0 6 5 2 3 7 4 
8.0 6 12 1 2 0 6 5 7 4 3 
7.82608695652174 5 18 1 2 3 6 4 5 0 7 
6.857142857142858 6 8 1 3 6 7 5 2 4 0 
8.0 6 12 0 1 3 6 2 5 7 4 
6.857142857142858 6 8 2 1 3 6 5 7 4 0 
9.473684210526315 9 10 4 1 3 6 2 5 7 0 
6.769230769230769 4 22 1 3 6 4 5 2 0 7 
9.333333333333334 7 14 1 7 2 6 5 3 4 0 
9.600000000000001 8 12 0 3 6 7 1 5 2 4 
9.0 6 18 1 3 6 4 0 5 2 7 
9.428571428571429 6 22 5 0 1 6 2 7 3 4 
9.473684210526315 9 10 1 3 4 7 0 2 6 5 
8.727272727272728 6 16 2 3 0 6 5 1 7 4 
4.9411764705882355 3 14 1 2 0 6 5 7 3 4 
9.0 6 18 1 3 4 7 5 2 0 6 
9.75 6 26 5 1 3 6 4 0 2 7 
5.538461538461538 9 4 0 2 3 4 6 5 7 1 
10.08 7 18 0 1 3 7 5 2 4 6 
4.0 4 4 1 2 3 6 4 5 7 0 
6.666666666666666 5 10 1 2 3 0 6 5 7 4 
8.275862068965518 5 24 4 1 3 6 5 2 0 7 
8.470588235294118 9 8 0 1 2 4 5 7 6 3 
9.473684210526315 9 10 1 5 3 6 4 2 7 0 
10.08 7 18 1 2 7 3 6 5 0 4 
6.545454545454545 4 18 5 0 3 6 2 1 7 4 
7.5 6 10 0 3 6 4 5 2 7 1 
8.727272727272728 6 16 0 2 3 6 1 7 4 5 
9.73913043478261 7 16 1 3 4 0 5 2 7 6 
9.0 6 18 1 2 3 6 4 0 5 7 
9.600000000000001 8 12 1 0 3 5 6 2 7 4 
8.0 6 12 0 3 7 6 5 2 4 1 
9.0 6 18 5 3 0 6 1 2 7 4 
7.5 10 6 1 2 6 4 3 5 7 0 
10.0 10 10 0 3 4 7 1 2 6 5 
7.764705882352941 11 6 0 3 7 6 2 4 5 1 
3.4285714285714284 2 12 1 2 3 6 0 5 7 4 
9.333333333333334 7 14 1 0 6 4 2 3 7 5 
8.88888888888889 10 8 0 3 4 7 5 2 6 1 
9.333333333333334 7 14 1 7 2 6 5 3 4 0 
8.4 6 14 0 2 3 1 5 7 4 6 
6.857142857142858 8 6 1 3 6 4 2 5 7 0 
7.0588235294117645 5 12 1 0 3 6 2 5 7 4 
8.842105263157896 7 12 5 3 7 6 2 1 4 0 
7.82608695652174 5 18 1 3 0 7 5 2 4 6 
8.275862068965518 5 24 6 1 3 4 5 2 0 7 
9.600000000000001 6 24 6 1 3 7 5 2 0 4 
10.08 7 18 5 2 3 6 0 1 7 4 
7.368421052631578 5 14 2 3 0 6 1 5 7 4 
9.473684210526315 9 10 0 1 2 6 4 5 7 3 
9.333333333333334 7 14 0 1 2 3 5 7 4 6 
10.181818181818182 8 14 1 0 3 6 4 2 7 5 
10.0 10 10 0 3 6 5 4 2 7 1 
9.73913043478261 7 16 6 1 3 7 5 2 4 0 
7.368421052631578 5 14 5 1 3 6 2 7 4 0 
6.222222222222223 4 14 2 0 3 6 1 5 7 4 
9.600000000000001 8 12 1 3 6 7 0 2 4 5 
8.23529411764706 7 10 1 0 2 3 6 5 7 4 
8.470588235294118 9 8 1 3 6 7 4 5 2 0 
9.333333333333334 7 14 1 2 3 6 0 4 5 7 
9.73913043478261 7 16 1 7 6 4 5 3 2 0 
8.88888888888889 8 10 0 2 6 4 5 7 3 1 
3.0 6 2 1 2 3 4 6 5 7 0 
9.600000000000001 8 12 1 2 3 4 0 5 7 6 
9.333333333333334 7 14 5 3 6 4 0 2 7 1 
8.0 6 12 0 1 3 6 2 5 7 4 
8.210526315789474 13 6 2 3 7 6 1 4 5 0 
8.0 5 20 5 1 3 0 4 2 7 6 
7.368421052631578 5 14 1 3 6 4 0 2 7 5 
7.368421052631578 5 14 0 5 3 6 2 1 7 4 
8.0 12 6 0 1 3 4 6 5 7 2 
9.73913043478261 7 16 5 3 6 1 4 2 7 0 
10.0 10 10 0 2 4 1 5 7 6 3 
9.73913043478261 7 16 3 0 7 6 5 2 4 1 
6.769230769230769 4 22 5 1 3 6 2 7 0 4 
9.333333333333334 7 14 2 3 7 6 1 0 5 4 
9.600000000000001 8 12 4 5 3 6 2 1 7 0 
8.0 8 8 1 2 4 6 5 7 3 0 
7.764705882352941 11 6 1 2 4 6 3 5 7 0 
8.88888888888889 8 10 0 1 3 6 5 7 4 2 
8.4 6 14 1 5 3 6 2 0 7 4 
10.0 10 10 0 3 6 4 1 5 7 2 
8.88888888888889 8 10 1 0 2 6 4 5 7 3 
7.619047619047619 5 16 1 3 6 7 5 2 0 4 
9.0 6 18 3 0 7 6 1 5 2 4 
8.148148148148147 5 22 1 3 6 4 5 0 2 7 
8.148148148148147 5 22 1 7 2 6 5 0 3 4 
8.4 14 6 2 3 7 6 1 4 5 0 
9.904761904761905 13 8 3 2 4 1 5 7 6 0 
10.08 7 18 0 7 2 6 1 5 3 4 
6.222222222222223 4 14 2 1 3 6 5 0 7 4 
9.73913043478261 7 16 6 1 0 4 5 2 7 3 
8.727272727272728 6 16 2 5 3 6 0 1 7 4 
9.473684210526315 9 10 4 2 3 6 5 1 7 0 
6.153846153846153 5 8 1 2 6 4 5 7 3 0 
7.0588235294117645 5 12 1 2 3 0 4 5 7 6 
7.5 10 6 2 0 3 4 6 5 7 1 
8.0 8 8 1 3 6 5 2 7 4 0 
8.4 6 14 1 3 0 4 5 2 7 6 
10.181818181818182 8 14 1 3 0 5 2 7 6 4 
8.88888888888889 8 10 0 2 1 3 6 5 7 4 
9.333333333333334 7 14 0 1 3 5 4 2 7 6 
9.473684210526315 9 10 6 2 1 3 4 5 7 0 
9.333333333333334 7 14 5 3 7 6 0 2 4 1 
10.0 10 10 1 3 4 7 6 5 2 0 
10.08 7 18 1 2 3 7 5 0 4 6 
9.473684210526315 9 10 4 3 6 5 1 2 7 0 
9.600000000000001 8 12 0 3 6 5 2 1 7 4 
10.0 10 10 1 2 4 0 6 5 7 3 
10.181818181818182 14 8 2 0 3 4 7 5 6 1 
9.473684210526315 9 10 0 1 3 6 5 7 4 2 
8.842105263157896 7 12 1 3 6 7 0 5 2 4 
8.88888888888889 10 8 4 2 3 1 6 5 7 0 
6.857142857142858 8 6 1 3 7 6 2 5 4 0 
9.263157894736842 11 8 4 2 1 3 6 5 7 0 
7.368421052631578 5 14 2 1 3 6 0 5 7 4 
3.5999999999999996 2 18 1 3 7 6 5 2 0 4 
9.333333333333334 7 14 1 3 6 0 2 5 7 4 
10.0 10 10 0 2 3 7 1 5 6 4 
10.08 7 18 1 3 7 0 5 2 6 4 
10.0 10 10 1 3 4 7 2 0 6 5 
9.600000000000001 8 12 1 3 7 6 2 0 5 4 
10.181818181818182 8 14 1 2 6 3 5 0 7 4 
5.142857142857143 3 18 5 1 3 6 2 0 7 4 
7.82608695652174 5 18 6 2 3 0 1 5 7 4 
9.73913043478261 7 16 1 0 6 7 5 3 2 4 
9.263157894736842 11 8 2 3 0 4 6 5 7 1 
9.333333333333334 7 14 1 2 6 0 5 7 4 3 
1.8461538461538463 1 12 0 1 3 6 5 2 7 4 
6.461538461538462 7 6 1 3 4 7 5 2 6 0 
9.333333333333334 7 14 0 1 3 6 4 2 7 5 
9.600000000000001 8 12 1 0 3 4 6 2 7 5 
9.600000000000001 8 12 1 0 3 5 6 2 7 4 
8.842105263157896 7 12 0 1 3 4 5 2 7 6 
9.0 6 18 1 2 0 6 4 5 3 7 
10.181818181818182 8 14 1 2 0 4 5 7 3 6 
8.148148148148147 5 22 1 7 0 6 5 3 2 4 
8.727272727272728 6 16 1 3 6 7 5 0 2 4 
9.263157894736842 11 8 1 0 3 6 4 5 7 2 
9.600000000000001 12 8 2 3 7 6 0 4 5 1 
8.470588235294118 9 8 1 3 7 6 0 4 5 2 
10.181818181818182 8 14 1 2 3 4 0 5 6 7 
5.714285714285714 4 10 4 1 3 6 5 2 7 0 
8.842105263157896 7 12 1 0 2 6 5 7 4 3 
9.263157894736842 11 8 0 3 7 6 2 5 4 1 
9.73913043478261 7 16 5 2 3 6 0 7 4 1 
10.181818181818182 8 14 5 1 2 6 4 7 3 0 
3.2 8 2 1 2 3 4 5 7 6 0 
10.08 7 18 2 0 3 6 1 7 4 5 
10.0 10 10 4 1 3 5 6 2 7 0 
7.82608695652174 5 18 5 1 3 0 6 2 7 4 
9.333333333333334 7 14 4 3 6 1 5 2 7 0 
9.904761904761905 13 8 5 3 4 7 1 2 6 0 
10.0 10 10 0 2 4 1 5 7 6 3 
9.600000000000001 6 24 6 1 0 4 5 2 3 7 
9.600000000000001 8 12 0 1 6 5 2 3 7 4 
9.428571428571429 6 22 0 3 7 1 5 2 4 6 
9.473684210526315 9 10 2 3 7 6 0 5 4 1 
6.857142857142858 6 8 0 2 3 6 5 7 4 1 
8.88888888888889 10 8 1 3 7 6 0 4 5 2 
8.4 6 14 1 0 2 3 5 7 4 6 
8.727272727272728 6 16 0 6 1 3 5 2 7 4 
10.181818181818182 8 14 1 3 0 4 2 7 6 5 
9.600000000000001 12 8 0 2 6 3 4 5 7 1 
8.842105263157896 7 12 1 0 3 4 5 2 7 6 
9.263157894736842 11 8 0 1 2 4 6 5 7 3 
9.23076923076923 6 20 5 1 7 6 0 3 2 4 
10.181818181818182 14 8 0 2 4 6 3 5 7 1 
7.199999999999999 9 6 1 2 3 5 6 7 4 0 
6.545454545454545 4 18 1 0 7 6 5 3 2 4 
9.600000000000001 8 12 1 2 4 6 5 0 7 3 
8.88888888888889 10 8 0 1 3 6 4 5 7 2 
8.842105263157896 7 12 1 2 6 4 5 0 7 3 
9.0 6 18 4 1 3 6 0 2 7 5 
9.428571428571429 6 22 1 7 2 6 5 3 0 4 
9.73913043478261 7 16 1 3 7 5 0 2 4 6 
8.88888888888889 8 10 1 3 0 6 4 5 7 2 
8.727272727272728 6 16 2 1 0 6 5 7 3 4 
8.88888888888889 10 8 0 3 4 7 5 2 6 1 
1.7999999999999998 9 0 1 2 3 4 5 6 7 0 
9.600000000000001 8 12 3 2 6 4 5 0 7 1 
4.800000000000001 3 12 0 2 3 6 1 5 7 4 
6.222222222222223 4 14 1 2 3 0 5 7 4 6 
8.4 6 14 1 3 6 4 2 0 7 5 
8.842105263157896 7 12 0 1 3 5 6 2 7 4 
9.904761904761905 13 8 2 3 0 4 5 7 6 1 
6.4 4 16 0 3 6 1 5 2 7 4 
9.473684210526315 9 10 2 3 0 6 4 5 7 1 
9.333333333333334 7 14 1 2 3 4 5 7 0 6 
9.600000000000001 8 12 6 2 3 4 0 5 7 1 
9.333333333333334 7 14 0 1 3 6 4 2 7 5 
10.08 7 18 4 2 3 0 1 5 7 6 
9.600000000000001 8 12 1 3 7 6 4 0 5 2 
7.466666666666667 7 8 2 3 6 4 1 5 7 0 
9.333333333333334 7 14 1 3 7 6 4 5 0 2 
10.08 7 18 1 0 3 6 5 2 4 7 
9.600000000000001 12 8 3 1 2 6 4 5 7 0 
10.181818181818182 14 8 1 3 0 4 6 5 7 2 
8.387096774193548 5 26 5 1 3 6 4 2 0 7 
9.0 6 18 6 1 7 3 5 2 4 0 
9.473684210526315 9 10 0 3 6 7 5 2 4 1 
5.090909090909091 7 4 1 2 4 3 5 7 6 0 
9.333333333333334 7 14 1 0 7 6 2 3 4 5 
9.428571428571429 6 22 1 7 2 6 5 3 0 4 
10.08 7 18 5 2 3 6 0 1 7 4 
8.88888888888889 10 8 1 2 3 7 6 5 4 0 
7.82608695652174 5 18 3 0 6 1 5 2 7 4 
3.5 2 14 1 2 3 6 5 7 0 4 
9.0 6 18 1 7 2 6 0 5 3 4 
9.600000000000001 8 12 2 5 3 6 4 1 7 0 
9.333333333333334 7 14 1 2 4 6 5 7 0 3 
9.600000000000001 6 24 5 1 6 0 2 7 3 4 
10.0 10 10 6 2 3 1 4 5 7 0 
9.473684210526315 9 10 1 2 4 6 0 5 7 3 
8.0 8 8 1 2 6 3 5 7 4 0 
9.600000000000001 8 12 1 3 6 4 7 5 2 0 
8.727272727272728 6 16 2 3 6 0 1 5 7 4 
8.23529411764706 7 10 2 0 3 6 5 7 4 1 
9.0 6 18 5 2 3 6 1 0 7 4 
10.08 7 18 6 2 1 3 0 5 7 4 
7.466666666666667 7 8 2 3 7 6 1 5 4 0 
10.08 7 18 1 3 4 7 5 0 2 6 
8.0 6 12 0 3 6 5 1 2 7 4 
8.4 6 14 1 3 7 6 2 0 4 5 
8.0 12 6 3 1 2 4 5 7 6 0 
9.23076923076923 6 20 5 1 0 3 4 2 7 6 
7.0588235294117645 5 12 1 3 6 5 0 2 7 4 
9.600000000000001 8 12 4 3 7 6 1 5 2 0 
10.08 7 18 5 0 1 3 6 2 7 4 
8.0 8 8 1 2 6 3 5 7 4 0 
8.470588235294118 9 8 1 2 3 6 7 4 5 0 
8.88888888888889 10 8 0 3 6 4 2 5 7 1 
6.461538461538462 7 6 0 2 3 6 4 5 7 1 
5.866666666666666 11 4 0 2 3 4 5 7 6 1 
8.727272727272728 6 16 1 2 4 3 5 7 0 6 
8.4 6 14 1 3 0 7 5 2 6 4 
8.4 14 6 3 1 2 4 6 5 7 0 
9.904761904761905 13 8 4 1 2 3 5 7 6 0 
9.473684210526315 9 10 4 1 3 6 2 5 7 0 
10.08 7 18 6 0 2 3 1 5 7 4 
7.82608695652174 5 18 6 0 1 3 5 2 7 4 
8.0 6 12 1 2 0 3 4 5 7 6 
7.368421052631578 5 14 0 1 2 6 5 7 3 4 
9.473684210526315 9 10 3 2 6 1 4 5 7 0 
9.473684210526315 9 10 1 0 3 6 5 7 4 2 
