5.560975609756097 38 3 1 2 3 4 0 6 5 7 
4.444444444444445 5 4 4 1 3 6 5 2 7 0 
3.8431372549019605 49 2 1 2 3 4 7 6 5 0 
7.03030303030303 29 4 1 2 3 4 6 0 5 7 
6.461538461538462 7 6 0 3 6 1 5 2 7 4 
7.03030303030303 29 4 0 2 3 4 1 5 7 6 
5.714285714285714 10 4 1 2 3 0 5 7 4 6 
7.0588235294117645 12 5 1 2 0 6 5 7 4 3 
4.363636363636364 8 3 6 1 3 4 5 2 7 0 
6.814814814814816 23 4 0 2 3 4 6 5 7 1 
7.179487179487179 35 4 5 2 3 4 6 0 7 1 
3.8518518518518516 52 2 1 2 3 4 5 7 6 0 
3.75 3 5 1 3 6 0 5 2 7 4 
5.833333333333333 7 5 5 1 3 6 4 2 7 0 
6.0 12 4 1 2 3 0 4 5 7 6 
3.428571428571429 3 4 1 2 3 6 5 7 0 4 
6.666666666666666 10 5 4 1 3 0 5 2 7 6 
6.857142857142858 8 6 1 3 6 5 0 2 7 4 
1.5 1 3 1 2 3 6 5 0 7 4 
5.217391304347826 20 3 1 2 3 4 0 5 7 6 
6.857142857142858 8 6 5 0 3 6 1 2 7 4 
4.0 3 6 1 3 7 6 5 2 0 4 
5.419354838709678 28 3 1 2 6 4 5 0 7 3 
7.135135135135136 33 4 1 0 3 4 2 5 7 6 
1.6666666666666667 1 5 1 3 0 6 5 2 7 4 
4.444444444444445 4 5 6 1 3 0 5 2 7 4 
3.428571428571429 3 4 1 2 3 6 0 5 7 4 
5.513513513513514 34 3 1 0 3 4 5 2 7 6 
6.875 11 5 1 3 6 4 0 2 7 5 
6.72 21 4 1 2 3 4 6 5 0 7 
7.0588235294117645 12 5 0 2 3 6 5 7 4 1 
4.0 3 6 5 1 3 6 0 2 7 4 
5.333333333333333 8 4 1 2 3 0 6 5 7 4 
6.315789473684211 15 4 0 1 3 4 5 2 7 6 
5.454545454545454 6 5 1 3 7 6 5 2 4 0 
5.0 15 3 1 2 6 4 5 7 3 0 
4.0 6 3 1 2 3 6 5 7 4 0 
6.153846153846153 8 5 1 3 6 7 5 2 0 4 
4.2 7 3 1 2 3 6 4 5 7 0 
3.7037037037037033 25 2 1 2 3 4 5 7 6 0 
6.666666666666666 10 5 1 2 6 0 5 7 3 4 
6.666666666666666 10 5 1 3 6 4 5 2 0 7 
6.72 21 4 1 2 6 4 5 7 0 3 
5.71875 61 3 1 2 3 4 7 6 0 5 
5.0 5 5 2 1 3 6 5 0 7 4 
6.814814814814816 23 4 1 2 0 4 5 7 3 6 
1.6 0 4 1 0 3 6 5 2 7 4 
5.625000000000001 45 3 0 2 3 4 5 1 7 6 
6.222222222222223 14 4 1 3 6 7 5 2 4 0 
6.666666666666666 10 5 2 0 3 6 5 1 7 4 
6.857142857142857 24 4 6 2 3 0 5 1 7 4 
7.0 28 4 1 2 0 4 5 7 6 3 
6.933333333333334 26 4 0 2 3 4 1 5 7 6 
6.153846153846153 8 5 1 0 3 6 2 5 7 4 
3.757575757575758 31 2 1 2 3 4 5 0 7 6 
5.590909090909091 41 3 1 2 3 4 5 7 0 6 
6.0 6 6 5 1 3 6 2 0 7 4 
5.513513513513514 34 3 6 2 3 4 5 0 7 1 
5.28 22 3 1 2 3 4 0 5 7 6 
6.8965517241379315 25 4 2 1 3 4 5 0 7 6 
5.1 17 3 1 2 3 4 5 7 0 6 
6.875 11 5 6 2 3 0 1 5 7 4 
7.085714285714286 31 4 0 2 3 4 1 5 7 6 
6.8965517241379315 25 4 6 2 3 4 0 5 7 1 
6.0 12 4 4 2 3 6 1 5 7 0 
6.875 11 5 1 2 3 6 0 7 4 5 
6.814814814814816 23 4 1 2 0 4 6 5 7 3 
5.590909090909091 41 3 1 0 3 4 5 2 7 6 
7.135135135135136 33 4 6 2 3 4 0 5 7 1 
5.1818181818181825 19 3 1 0 3 4 5 2 7 6 
6.222222222222223 14 4 5 1 3 4 6 2 7 0 
1.6666666666666667 1 5 0 1 3 6 5 2 7 4 
3.7037037037037033 25 2 1 2 3 4 5 0 7 6 
6.857142857142858 8 6 6 1 0 3 5 2 7 4 
6.8965517241379315 25 4 1 2 0 4 5 7 3 6 
7.085714285714286 31 4 1 0 3 4 2 5 7 6 
6.0 6 6 1 3 7 6 5 0 2 4 
5.454545454545454 6 5 0 2 3 6 1 5 7 4 
7.0588235294117645 12 5 0 3 6 4 5 2 7 1 
5.1 17 3 6 2 3 4 1 5 7 0 
5.647058823529412 48 3 5 2 3 4 0 6 7 1 
6.0 12 4 1 3 0 4 5 2 7 6 
4.0 6 3 1 3 6 4 5 2 7 0 
5.454545454545454 6 5 1 2 0 6 5 7 3 4 
7.0588235294117645 12 5 5 2 3 6 1 0 7 4 
6.222222222222223 14 4 1 3 0 7 5 2 6 4 
5.357142857142858 25 3 4 2 3 6 5 1 7 0 
7.0588235294117645 12 5 1 2 3 6 4 5 0 7 
7.157894736842105 34 4 1 2 3 0 5 7 6 4 
1.9749999999999999 79 0 1 2 3 4 5 6 7 0 
6.857142857142858 8 6 5 1 3 0 6 2 7 4 
3.875 62 2 0 2 3 4 5 6 7 1 
3.771428571428572 33 2 6 2 3 4 5 1 7 0 
6.4 16 4 0 2 3 6 5 1 7 4 
3.5 14 2 1 2 3 4 6 5 7 0 
