28 25 3 4 2 3 6 5 1 7 0 
13 11 2 1 2 3 4 5 7 6 0 
26 22 4 0 2 3 4 6 1 7 5 
24 20 4 6 2 3 4 5 1 0 7 
26 22 4 6 2 0 4 5 1 7 3 
19 16 3 0 2 3 4 5 1 7 6 
11 9 2 1 2 3 4 5 0 7 6 
28 25 3 1 2 3 4 6 0 7 5 
7 4 3 1 2 3 6 4 5 7 0 
12 10 2 1 2 3 4 6 5 7 0 
30 26 4 4 2 3 0 5 1 7 6 
18 14 4 2 1 3 4 5 0 7 6 
26 22 4 6 2 3 4 1 0 7 5 
25 21 4 6 2 3 4 5 0 1 7 
11 8 3 1 2 3 4 0 5 7 6 
13 10 3 1 0 3 4 5 2 7 6 
24 20 4 6 2 3 0 5 1 7 4 
17 14 3 6 1 3 4 5 2 7 0 
25 21 4 6 2 3 4 0 1 7 5 
21 19 2 6 2 3 4 5 1 7 0 
28 26 2 1 2 3 4 0 6 7 5 
4 0 4 1 0 3 6 5 2 7 4 
4 1 3 1 2 3 6 5 0 7 4 
15 11 4 0 1 3 4 5 2 7 6 
28 28 0 1 2 3 4 5 6 7 0 
9 5 4 1 2 3 0 4 5 7 6 
13 10 3 1 2 3 4 5 7 0 6 
26 22 4 0 2 3 6 5 1 7 4 
19 15 4 2 0 3 4 5 1 7 6 
6 2 4 1 2 3 6 0 5 7 4 
