7.837563451776649 193 4 1 2 3 7 0 6 5 4 
7.724137931034482 112 4 1 2 6 4 0 5 7 3 
3.846153846153846 50 2 1 2 3 4 5 7 6 0 
5.217391304347826 20 3 1 2 3 4 0 5 7 6 
5.8604651162790695 126 3 1 2 3 4 0 6 5 7 
5.810526315789474 92 3 1 2 3 4 7 6 0 5 
5.865671641791045 131 3 1 2 6 4 3 5 7 0 
5.895348837209303 169 3 1 2 3 7 4 6 5 0 
5.816326530612246 95 3 1 2 6 4 5 0 7 3 
7.874015748031496 250 4 1 2 3 5 7 6 0 4 
7.614457831325301 79 4 1 2 6 4 5 7 0 3 
5.894117647058824 167 3 7 2 3 4 1 6 5 0 
3.9795396419437337 389 2 1 2 3 4 5 6 0 7 
7.761194029850747 130 4 1 6 0 4 5 2 7 3 
5.94900849858357 350 3 1 2 3 0 5 6 4 7 
7.89937106918239 314 4 1 2 3 5 0 6 4 7 
7.604938271604938 77 4 1 2 3 4 7 0 6 5 
1.5 1 3 1 2 3 6 5 0 7 4 
3.75 30 2 1 2 3 4 6 5 7 0 
7.7961783439490455 153 4 1 2 0 4 3 5 7 6 
7.728813559322033 114 4 1 2 0 4 5 7 3 6 
7.788079470198675 147 4 1 2 3 0 4 6 5 7 
7.854545454545454 216 4 0 2 3 4 7 6 5 1 
5.571428571428571 39 3 1 0 3 4 5 2 7 6 
5.93661971830986 281 3 1 2 3 5 7 6 4 0 
5.816326530612246 95 3 1 2 6 4 5 7 3 0 
7.835051546391752 190 4 7 2 3 4 1 6 0 5 
4.2 7 3 1 2 3 6 4 5 7 0 
1.6 0 4 1 0 3 6 5 2 7 4 
6.0 12 4 1 2 3 0 4 5 7 6 
7.724137931034482 112 4 1 0 6 4 5 2 7 3 
7.7852348993288585 145 4 0 2 3 4 1 6 5 7 
7.522388059701493 63 4 1 2 3 4 0 7 6 5 
3.741935483870968 29 2 1 2 3 4 5 0 7 6 
1.9953488372093022 429 0 1 2 3 4 5 6 7 0 
7.529411764705882 64 4 1 2 0 4 5 7 6 3 
3.9794344473007714 387 2 1 2 3 7 5 6 4 0 
7.835897435897436 191 4 7 2 3 4 0 6 5 1 
3.927272727272727 108 2 1 2 3 4 7 6 5 0 
3.428571428571429 3 4 1 2 3 6 0 5 7 4 
7.836734693877552 192 4 1 2 3 7 4 6 0 5 
5.571428571428571 39 3 1 2 3 4 5 7 0 6 
7.857142857142858 220 4 1 2 3 0 7 6 5 4 
