0 0 1 0 3 6 5 2 7 4
2 1 1 2 3 6 5 0 7 4
5 2 1 2 3 6 0 5 7 4
6 5 1 2 3 0 6 5 7 4
4 6 1 2 3 4 6 5 7 0
1 9 0 2 3 4 6 5 7 1
4 11 4 2 3 0 6 5 7 1
3 12 4 2 0 3 6 5 7 1
2 13 4 0 2 3 6 5 7 1
4 14 0 4 2 3 6 5 7 1
1 17 1 4 2 3 6 5 7 0
3 18 1 4 2 0 6 5 7 3
6 21 1 4 2 6 0 5 7 3
3 23 1 4 2 6 3 5 7 0
1 26 0 4 2 6 3 5 7 1
3 27 3 4 2 6 0 5 7 1
4 30 3 0 2 6 4 5 7 1
2 31 3 2 0 6 4 5 7 1
6 32 3 2 6 0 4 5 7 1
1 33 3 2 6 1 4 5 7 0
3 36 0 2 6 1 4 5 7 3
1 38 1 2 6 0 4 5 7 3
4 41 1 2 6 4 0 5 7 3
3 43 1 2 6 4 3 5 7 0
1 46 0 2 6 4 3 5 7 1
3 47 3 2 6 4 0 5 7 1
5 48 3 2 6 4 5 0 7 1
2 49 3 0 6 4 5 2 7 1
3 50 0 3 6 4 5 2 7 1
2 53 2 3 6 4 5 0 7 1
5 54 2 3 6 4 0 5 7 1
2 55 0 3 6 4 2 5 7 1
1 58 1 3 6 4 2 5 7 0
2 60 1 3 6 4 0 5 7 2
4 63 1 3 6 0 4 5 7 2
2 64 1 3 6 2 4 5 7 0
1 67 0 3 6 2 4 5 7 1
2 69 2 3 6 0 4 5 7 1
7 72 2 3 6 7 4 5 0 1
5 73 2 3 6 7 4 0 5 1
4 74 2 3 6 7 0 4 5 1
3 77 2 0 6 7 3 4 5 1
2 78 0 2 6 7 3 4 5 1
1 81 1 2 6 7 3 4 5 0
3 83 1 2 6 7 0 4 5 3
2 86 1 0 6 7 2 4 5 3
4 87 1 4 6 7 2 0 5 3
2 88 1 4 6 7 0 2 5 3
3 90 1 4 6 7 3 2 5 0
1 93 0 4 6 7 3 2 5 1
2 96 2 4 6 7 3 0 5 1
3 97 2 4 6 7 0 3 5 1
2 98 0 4 6 7 2 3 5 1
4 99 4 0 6 7 2 3 5 1
3 100 4 3 6 7 2 0 5 1
2 101 4 3 6 7 0 2 5 1
4 102 0 3 6 7 4 2 5 1
1 105 1 3 6 7 4 2 5 0
4 107 1 3 6 7 0 2 5 4
2 108 1 3 6 7 2 0 5 4
5 109 1 3 6 7 2 5 0 4
4 110 1 3 6 7 2 5 4 0
1 113 0 3 6 7 2 5 4 1
3 114 3 0 6 7 2 5 4 1
5 115 3 5 6 7 2 0 4 1
4 116 3 5 6 7 2 4 0 1
6 117 3 5 0 7 2 4 6 1
5 118 3 0 5 7 2 4 6 1
3 119 0 3 5 7 2 4 6 1
1 122 1 3 5 7 2 4 6 0
4420 0.357253
