19.91607217792698 2373 10 4 2 3 7 0 5 6 1 
1.8461538461538463 1 12 1 2 3 6 5 0 7 4 
15.920298879202988 1598 8 2 1 6 7 4 3 5 0 
19.96134518747584 5164 10 3 0 2 4 7 5 6 1 
15.955493741307373 2868 8 2 5 4 7 0 3 6 1 
19.87593052109181 1602 10 4 0 3 7 2 5 6 1 
19.962427202705243 5313 10 4 1 2 7 3 5 6 0 
23.906765943671093 3077 12 2 4 0 7 5 3 6 1 
7.981869688385269 1761 4 1 4 3 7 2 5 6 0 
19.909338168631006 2196 10 2 0 3 7 4 5 6 1 
15.920249221183802 1597 8 2 4 6 7 0 3 5 1 
23.915542521994134 3398 12 5 0 4 7 3 2 6 1 
23.937944408532644 4629 12 2 3 4 7 1 0 6 5 
15.030303030303031 124 8 2 4 3 1 6 5 7 0 
11.982370225269344 4078 6 0 4 5 7 1 3 6 2 
23.94585448392555 5307 12 2 4 0 7 1 5 6 3 
23.962953434525343 7762 12 3 0 1 4 7 5 6 2 
19.93293091884641 2972 10 2 0 4 7 5 3 6 1 
11.9860302677532 5148 6 1 5 4 7 3 2 6 0 
23.939660590823383 4761 12 5 2 4 7 3 0 6 1 
19.829205807002563 1161 10 1 0 3 7 4 5 6 2 
19.875544492843808 1597 10 4 0 6 7 2 3 5 1 
23.93963529658353 4759 12 2 4 6 7 3 5 0 1 
23.925906869050685 3875 12 5 4 0 7 2 3 6 1 
23.585611510791367 683 12 0 2 6 4 1 5 7 3 
15.97823499404863 5873 8 1 3 4 2 7 5 6 0 
23.947310647639956 5454 12 3 2 4 7 5 0 6 1 
1.8461538461538463 0 12 1 0 3 6 5 2 7 4 
19.024390243902438 195 10 0 4 3 1 6 5 7 2 
23.94122448979592 4888 12 2 1 4 7 0 3 6 5 
11.841758241758244 449 6 1 2 4 6 3 5 7 0 
23.9534131349078 6170 12 3 0 4 2 7 5 6 1 
19.344262295081965 295 10 0 1 4 6 3 5 7 2 
19.892183288409704 1845 10 1 4 0 7 2 5 6 3 
11.985413290113453 4930 6 3 0 5 7 2 4 6 1 
23.900518134715025 2883 12 2 5 4 7 1 0 6 3 
11.808000000000002 369 6 1 2 6 3 4 5 7 0 
11.983054836432103 4243 6 1 3 4 7 5 2 6 0 
15.931182795698925 1852 8 0 1 6 7 2 4 5 3 
15.952131637995512 2666 8 0 5 4 7 1 3 6 2 
23.93797113934956 4631 12 1 2 4 7 3 0 6 5 
19.95433789954338 4370 10 1 3 4 7 0 2 6 5 
15.950598224623697 2583 8 4 3 6 7 1 2 5 0 
11.974035340786154 2767 6 0 5 4 7 2 3 6 1 
18.709677419354836 145 10 0 4 3 1 6 5 7 2 
23.932283094286387 4241 12 3 0 4 7 5 2 6 1 
23.9343365253078 4374 12 2 3 4 7 1 0 6 5 
19.92283950617284 2582 10 4 3 6 7 2 0 5 1 
18.347107438016526 111 10 0 2 4 1 6 5 7 3 
19.8868778280543 1758 10 2 3 6 7 4 0 5 1 
11.733333333333333 22 8 2 0 3 6 4 5 7 1 
19.958071278825994 4760 10 3 0 4 7 1 5 6 2 
7.980074719800747 1602 4 1 2 6 7 3 4 5 0 
23.94282310899345 5025 12 5 1 4 7 0 3 6 2 
19.869791666666664 1526 10 2 0 6 7 1 4 5 3 
15.907179115300941 1371 8 1 4 6 7 0 3 5 2 
17.619047619047617 74 10 3 2 4 0 6 5 7 1 
7.9754601226993875 1300 4 0 3 6 7 2 4 5 1 
15.973204940339125 4769 8 5 3 4 7 2 1 6 0 
23.942902458366376 5032 12 1 2 4 7 5 0 6 3 
23.918413597733714 3518 12 2 0 4 7 1 3 6 5 
7.333333333333334 44 4 1 2 4 3 6 5 7 0 
23.941284403669727 4893 12 3 2 4 0 7 5 6 1 
19.66216216216216 582 10 2 0 6 4 3 5 7 1 
19.96222138269739 5284 10 1 5 4 7 0 2 6 3 
12.878048780487806 33 8 1 0 2 4 6 5 7 3 
19.897330595482547 1938 10 2 1 6 7 0 4 5 3 
8.88888888888889 8 10 1 2 3 0 6 5 7 4 
23.955610357583232 6476 12 0 3 4 1 7 5 6 2 
19.86970684039088 1525 10 4 3 0 7 2 5 6 1 
15.96371882086168 3520 8 5 2 4 7 1 3 6 0 
19.962235649546827 5286 10 1 5 4 7 0 2 6 3 
15.957018132975152 2970 8 1 3 5 7 2 0 6 4 
15.984189723320158 8088 8 1 4 2 3 7 5 6 0 
23.969158278003857 9326 12 0 4 3 1 7 5 6 2 
15.936758893280633 2016 8 0 1 4 7 2 5 6 3 
11.975814578434667 2971 6 2 5 4 7 1 3 6 0 
11.870967741935484 23 8 1 2 0 4 6 5 7 3 
23.945660377358493 5288 12 2 5 4 7 1 0 6 3 
23.942720763723152 5016 12 3 0 4 7 5 2 6 1 
13.538461538461538 44 8 0 1 2 4 6 5 7 3 
19.955634427684114 4498 10 0 3 4 7 1 2 6 5 
19.86928104575163 1520 10 0 1 6 7 4 3 5 2 
19.90128331688055 2016 10 1 5 4 7 2 0 6 3 
23.918505942275043 3522 12 1 4 0 7 2 3 6 5 
11.984189723320158 4548 6 0 2 5 7 1 4 6 3 
14.933333333333334 112 8 0 3 1 4 6 5 7 2 
15.912027491408933 1447 8 2 0 6 7 3 4 5 1 
3.9982713915298187 4626 2 1 3 4 7 2 5 6 0 
15.972437553832904 4636 8 2 3 4 7 5 1 6 0 
11.9880537580886 6021 6 2 1 3 4 7 5 6 0 
19.932885906040266 2970 10 2 5 4 7 3 0 6 1 
19.95800965777871 4753 10 3 4 0 7 2 5 6 1 
23.968541780447843 9143 12 2 4 0 3 7 5 6 1 
19.019607843137255 194 10 1 4 0 3 6 5 7 2 
15.860109289617489 907 8 1 3 6 2 4 5 7 0 
23.909943714821765 3186 12 3 5 4 7 1 0 6 2 
23.944444444444446 5172 12 0 1 2 7 3 5 6 4 
13.629629629629632 46 8 4 2 3 1 6 5 7 0 
19.829205807002563 1161 10 1 0 6 7 4 3 5 2 
1.8461538461538463 1 12 0 1 3 6 5 2 7 4 
11.529411764705882 147 6 1 4 3 2 6 5 7 0 
23.896290961469212 2765 12 3 5 4 7 1 0 6 2 
19.89195029713668 1841 10 2 0 3 7 4 5 6 1 
19.9468791500664 3755 10 5 0 4 7 2 3 6 1 
11.984462667242124 4628 6 0 3 4 7 1 5 6 2 
23.962910495814555 7753 12 4 0 2 3 7 5 6 1 
19.767441860465116 850 10 0 3 6 4 1 5 7 2 
23.941284403669727 4893 12 3 5 4 7 1 0 6 2 
23.723608445297504 1030 12 1 3 6 7 4 5 0 2 
11.989145183175035 6627 6 0 2 3 4 7 5 6 1 
15.985441310282075 8784 8 2 1 4 3 7 5 6 0 
11.986084267491304 5168 6 1 2 4 3 7 5 6 0 
19.95686866508518 4627 10 1 0 4 7 2 3 6 5 
16.428571428571427 46 10 1 2 4 6 0 5 7 3 
3.9979193758127436 3843 2 1 4 5 7 2 3 6 0 
11.97812879708384 3286 6 0 3 5 7 4 2 6 1 
11.999999999999998 15 10 0 2 3 1 6 5 7 4 
19.8468606431853 1296 10 3 0 6 7 1 4 5 2 
11.981845688350983 3960 6 1 4 5 7 0 3 6 2 
11.952817824377458 1520 6 0 4 6 7 2 3 5 1 
19.925650557620816 2680 10 0 5 4 7 2 1 6 3 
23.9362267493357 4504 12 2 3 4 7 0 1 6 5 
23.309352517985616 405 12 1 2 6 0 4 5 7 3 
15.522388059701495 260 8 0 3 4 6 1 5 7 2 
14.419753086419753 73 8 0 4 2 3 6 5 7 1 
11.983542857142858 4369 6 2 3 4 7 0 5 6 1 
19.90534784666351 2103 10 2 1 4 7 0 5 6 3 
19.79633401221996 972 10 2 3 6 4 0 5 7 1 
15.946421096693175 2381 8 1 0 4 7 3 5 6 2 
15.65217391304348 360 8 0 2 1 4 6 5 7 3 
19.86254295532646 1445 10 2 3 6 7 4 0 5 1 
19.855491329479765 1374 10 4 3 6 7 2 0 5 1 
19.41176470588235 330 10 3 0 4 6 2 5 7 1 
18.709677419354836 145 10 4 0 3 2 6 5 7 1 
11.692307692307693 228 6 1 3 4 2 6 5 7 0 
15.97593984962406 5312 8 3 2 4 7 0 5 6 1 
19.413489736070378 331 10 3 2 6 1 4 5 7 0 
23.96037969459348 7257 12 1 0 2 3 7 5 6 4 
19.896587383660805 1924 10 2 3 0 7 4 5 6 1 
19.819004524886875 1095 10 1 3 0 7 4 5 6 2 
23.965896980461814 8433 12 1 4 3 0 7 5 6 2 
19.869536855838223 1523 10 2 4 6 7 3 0 5 1 
15.975889998116406 5301 8 0 3 2 4 7 5 6 1 
19.892588614393123 1852 10 1 4 6 7 2 0 5 3 
19.89189189189189 1840 10 4 2 6 7 0 3 5 1 
19.960301707026595 5028 10 3 2 0 4 7 5 6 1 
15.927519818799547 1758 8 0 2 6 7 4 3 5 1 
15.623529411764705 332 8 0 2 6 3 4 5 7 1 
19.92567818654775 2681 10 4 0 6 7 2 3 5 1 
18.275862068965516 106 10 2 4 3 0 6 5 7 1 
15.49407114624506 245 8 0 1 4 3 6 5 7 2 
11.941653160453809 1228 6 0 3 6 7 1 4 5 2 
19.978149240686115 9143 10 2 4 3 1 7 5 6 0 
13.75 22 10 1 0 2 6 4 5 7 3 
19.91980753809142 2484 10 4 3 6 7 0 2 5 1 
15.944250871080138 2288 8 0 1 4 7 3 5 6 2 
19.75093399750934 793 10 1 3 6 4 0 5 7 2 
19.919517102615693 2475 10 1 5 4 7 3 0 6 2 
19.564270152505443 449 10 0 3 4 1 6 5 7 2 
23.942834458118302 5026 12 0 4 6 7 3 5 1 2 
15.933952528379773 1930 8 1 0 4 7 2 5 6 3 
15.77142857142857 23 12 2 0 3 1 6 5 7 4 
19.46949602122016 367 10 2 0 6 3 4 5 7 1 
1.9996150885296382 5195 0 1 3 5 7 2 4 6 0 
23.94732991953182 5456 12 3 2 4 0 7 5 6 1 
23.941164453524003 4883 12 3 4 6 7 2 5 0 1 
19.922720247295207 2578 10 0 5 4 7 3 1 6 2 
23.939609981128118 4757 12 1 4 0 7 2 3 6 5 
19.901960784313722 2030 10 3 1 6 7 0 4 5 2 
11.976630963972736 3075 6 4 1 5 7 2 3 6 0 
19.950074887668496 3996 10 5 3 4 7 0 2 6 1 
11.986781714705343 5441 6 1 3 2 4 7 5 6 0 
19.912701876909644 2281 10 1 3 0 7 2 5 6 4 
15.927642736009044 1761 8 3 4 6 7 1 2 5 0 
19.930507296733843 2868 10 5 0 4 7 2 3 6 1 
19.052132701421797 201 10 1 3 4 0 6 5 7 2 
19.02912621359223 196 10 1 4 3 6 0 5 7 2 
19.94145199063232 3406 10 0 2 4 7 1 3 6 5 
14.707070707070708 91 8 3 2 4 1 6 5 7 0 
23.936141906873615 4498 12 2 3 4 0 7 5 6 1 
23.80287474332649 1449 12 4 3 6 7 2 5 0 1 
15.972366148531952 4624 8 3 0 4 7 2 5 6 1 
15.860566448801743 910 8 2 3 6 4 1 5 7 0 
3.998142558625493 4305 2 1 2 5 7 3 4 6 0 
15.9278059785674 1765 8 0 2 6 7 1 4 5 3 
19.968414403032217 6322 10 2 3 0 4 7 5 6 1 
15.518796992481203 258 8 0 3 4 2 6 5 7 1 
19.977257220832385 8784 10 0 4 3 2 7 5 6 1 
19.90942028985507 2198 10 1 3 6 7 0 2 5 4 
19.896907216494846 1930 10 1 4 6 7 0 2 5 3 
23.87984981226533 2385 12 3 4 0 7 1 5 6 2 
21.95744680851064 129 12 1 4 2 6 0 5 7 3 
23.945864661654134 5308 12 1 2 4 0 7 5 6 3 
11.485714285714288 134 6 2 3 1 4 6 5 7 0 
19.881586737714624 1679 10 3 4 6 7 0 2 5 1 
11.97743654026951 3185 6 1 2 4 7 5 3 6 0 
15.927560837577817 1759 8 2 4 3 7 0 5 6 1 
19.952996474735606 4245 10 0 3 4 7 1 2 6 5 
15.939422621864646 2105 8 4 2 6 7 1 3 5 0 
15.974603174603176 5032 8 0 2 4 7 1 5 6 3 
11.806970509383378 367 6 2 3 4 6 1 5 7 0 
21.6 108 12 1 4 2 0 6 5 7 3 
7.993158007269617 4673 4 3 2 5 7 1 4 6 0 
19.335548172757473 291 10 2 1 0 4 6 5 7 3 
15.977684797768479 5728 8 1 0 3 4 7 5 6 2 
17.59036144578313 73 10 1 0 2 3 6 5 7 4 
23.91278013325258 3290 12 5 2 4 7 3 0 6 1 
15.962386129885395 3395 8 4 3 5 7 0 2 6 1 
18.888888888888886 170 10 1 4 3 0 6 5 7 2 
11.903095558546434 737 6 1 3 6 4 2 5 7 0 
6.814814814814816 23 4 0 2 3 4 6 5 7 1 
11.94778825235678 1373 6 2 1 6 7 3 4 5 0 
19.974776138226762 7919 10 0 4 2 3 7 5 6 1 
11.764705882352942 300 6 1 3 2 6 4 5 7 0 
19.95687796463993 4628 10 2 4 0 7 3 5 6 1 
11.652173913043478 201 6 1 0 3 4 6 5 7 2 
15.980253008330763 6474 8 2 0 3 4 7 5 6 1 
15.98278412911903 7427 8 3 1 2 4 7 5 6 0 
23.96791086350975 8963 12 2 4 3 0 7 5 6 1 
11.985018726591761 4800 6 3 2 5 7 0 4 6 1 
23.92350597609562 3753 12 5 2 4 7 3 0 6 1 
15.691566265060242 407 8 2 3 4 1 6 5 7 0 
15.952345495160088 2678 8 2 5 4 7 3 1 6 0 
23.896216216216217 2763 12 5 0 4 7 1 3 6 2 
23.941284403669727 4893 12 1 3 4 0 7 5 6 2 
3.993501218521527 1229 2 1 3 6 7 2 4 5 0 
19.909379247847756 2197 10 4 2 6 7 0 3 5 1 
11.969861866889913 2383 6 2 1 4 7 3 5 6 0 
19.8814463544754 1677 10 2 0 6 7 4 3 5 1 
15.691566265060242 407 8 0 2 4 6 3 5 7 1 
19.96916910744566 6477 10 0 2 1 4 7 5 6 3 
19.862825788751714 1448 10 2 1 6 7 0 4 5 3 
19.958167747333192 4771 10 0 3 4 7 5 1 6 2 
23.965183752417794 8260 12 1 4 0 3 7 5 6 2 
15.62130177514793 330 8 2 3 4 6 0 5 7 1 
19.964247407937073 5584 10 1 3 0 4 7 5 6 2 
23.94292508917955 5034 12 1 2 4 0 7 5 6 3 
23.961233005788127 7417 12 0 1 2 3 7 5 6 4 
19.881305637982194 1675 10 2 4 6 7 3 0 5 1 
15.121951219512194 31 10 0 1 2 6 4 5 7 3 
15.958455047062644 3073 8 1 3 5 7 0 2 6 4 
15.973148730857982 4759 8 3 2 4 7 0 5 6 1 
23.962135156455428 7594 12 3 1 0 4 7 5 6 2 
15.532846715328468 266 8 0 3 2 6 4 5 7 1 
23.944315545243622 5160 12 1 4 0 7 5 3 6 2 
14.419753086419753 73 8 2 0 4 3 6 5 7 1 
11.957193816884661 1676 6 2 4 6 7 1 3 5 0 
15.942028985507246 2200 8 4 1 6 7 2 3 5 0 
15.968977217644209 4118 8 0 3 4 7 5 2 6 1 
19.96019108280255 5014 10 3 4 6 7 2 5 1 0 
23.966589327146174 8608 12 0 4 3 1 7 5 6 2 
19.905526688710438 2107 10 1 3 6 7 2 0 5 4 
15.97386688444263 4890 8 5 1 4 7 2 3 6 0 
19.713876967095853 689 10 3 0 4 6 2 5 7 1 
15.896607431340872 1230 8 1 0 6 7 3 4 5 2 
14.905982905982906 109 8 3 0 2 4 6 5 7 1 
17.97979797979798 89 10 2 4 0 3 6 5 7 1 
11.952910398953565 1523 6 0 2 6 7 3 4 5 1 
15.937100737100737 2027 8 3 0 6 7 2 4 5 1 
3.5 14 2 1 2 3 4 6 5 7 0 
15.974588048441534 5029 8 0 2 4 3 7 5 6 1 
23.96126949973104 7424 12 4 2 3 0 7 5 6 1 
10.875 58 6 0 2 4 3 6 5 7 1 
17.183098591549296 61 10 0 2 3 1 6 5 7 4 
19.919871794871792 2486 10 2 3 6 7 4 0 5 1 
11.666666666666666 14 10 1 2 0 3 6 5 7 4 
23.94702961191834 5425 12 1 0 4 7 5 2 6 3 
19.402985074626866 325 10 2 0 1 4 6 5 7 3 
19.665551839464882 588 10 0 1 4 6 2 5 7 3 
19.829497016197784 1163 10 0 3 6 7 4 5 2 1 
19.971231300345224 6942 10 1 2 0 4 7 5 6 3 
19.68798751950078 631 10 3 2 6 4 1 5 7 0 
23.930300096805425 4120 12 5 0 4 7 3 2 6 1 
15.974512146555156 5014 8 0 5 4 7 3 2 6 1 
15.933884297520661 1928 8 0 4 3 7 1 5 6 2 
19.958115183246072 4765 10 5 1 4 7 3 2 6 0 
15.93419023136247 1937 8 3 2 6 7 0 4 5 1 
23.903420523138834 2970 12 5 4 0 7 2 3 6 1 
19.326599326599325 287 10 2 4 3 6 0 5 7 1 
15.46218487394958 230 8 1 3 4 6 0 5 7 2 
19.89224137931034 1846 10 0 4 6 7 1 2 5 3 
5.090909090909091 7 4 1 2 3 6 4 5 7 0 
23.941332246893463 4897 12 1 2 0 7 3 5 6 4 
19.913043478260867 2290 10 0 3 6 7 1 2 5 4 
19.912701876909644 2281 10 0 1 3 7 2 5 6 4 
8.4 14 6 0 2 3 6 4 5 7 1 
19.93948562783661 3295 10 1 2 4 7 0 3 6 5 
7.992890468784714 4497 4 2 3 4 7 1 5 6 0 
23.240105540897098 367 12 0 2 6 1 4 5 7 3 
19.97364953886693 7580 10 4 1 2 3 7 5 6 0 
19.847328244274806 1300 10 1 4 6 7 3 0 5 2 
19.245283018867923 255 10 1 3 0 6 4 5 7 2 
19.27536231884058 266 10 3 2 0 6 4 5 7 1 
23.943015433320145 5042 12 5 3 4 7 1 0 6 2 
3.9984199091447756 5061 2 0 3 5 7 2 4 6 1 
11.742857142857144 274 6 2 1 4 3 6 5 7 0 
15.96770123643704 3955 8 2 4 5 7 3 0 6 1 
11.947750362844703 1372 6 2 3 6 7 0 4 5 1 
11.250000000000002 90 6 1 4 2 3 6 5 7 0 
23.954545454545457 6324 12 2 0 1 4 7 5 6 3 
17.97979797979798 89 10 0 1 2 3 6 5 7 4 
15.43612334801762 219 8 1 0 4 3 6 5 7 2 
15.958508914100484 3077 8 0 5 4 7 1 3 6 2 
19.9089667728721 2187 10 0 2 3 7 1 5 6 4 
15.450643776824034 225 8 1 0 3 6 4 5 7 2 
15.964718853362733 3620 8 0 3 5 7 1 2 6 4 
19.86254295532646 1445 10 3 0 6 7 1 4 5 2 
15.930885529157669 1844 8 1 4 3 7 0 5 6 2 
15.907246376811594 1372 8 3 0 6 7 2 4 5 1 
23.948340807174887 5563 12 0 1 4 7 5 2 6 3 
15.121951219512194 31 10 2 3 0 6 4 5 7 1 
23.953420669577874 6171 12 2 3 4 0 7 5 6 1 
23.945742275810098 5296 12 5 1 4 7 0 3 6 2 
13.490196078431374 43 8 3 1 2 6 4 5 7 0 
15.920398009950251 1600 8 3 2 6 7 0 4 5 1 
7.792207792207793 150 4 1 3 2 4 6 5 7 0 
23.89636559913638 2767 12 1 5 0 7 2 3 6 4 
11.979498861047837 3506 6 4 3 5 7 1 2 6 0 
23.948340807174887 5563 12 1 2 4 7 5 0 6 3 
15.964679911699779 3616 8 4 0 5 7 2 3 6 1 
17.058823529411764 58 10 1 2 0 3 6 5 7 4 
19.97250103121133 7263 10 0 1 2 4 7 5 6 3 
19.959192001632317 4891 10 2 4 6 7 3 5 1 0 
23.944315545243622 5160 12 3 5 4 7 1 0 6 2 
19.965010496850944 5706 10 3 1 4 7 5 2 6 0 
15.883952855847687 1095 8 1 3 6 7 4 5 2 0 
15.513307984790876 255 8 0 4 3 6 2 5 7 1 
19.783080260303684 912 10 0 1 6 4 3 5 7 2 
23.685932388222465 905 12 0 3 6 1 4 5 7 2 
23.89636559913638 2767 12 1 4 0 7 5 3 6 2 
11.968654767087507 2291 6 1 3 6 7 4 2 5 0 
15.348837209302324 33 10 1 2 4 0 6 5 7 3 
19.96318792563961 5423 10 1 5 4 7 2 0 6 3 
23.959493670886076 7098 12 1 2 0 3 7 5 6 4 
23.90991554582421 3185 12 3 2 4 7 5 0 6 1 
19.183673469387752 235 10 3 0 2 6 4 5 7 1 
15.975876366377683 5298 8 2 1 4 7 5 3 6 0 
23.95342820181113 6172 12 2 1 0 4 7 5 6 3 
19.900891972249752 2008 10 4 2 3 7 0 5 6 1 
15.92760180995475 1760 8 0 4 6 7 3 2 5 1 
15.950521839969076 2579 8 3 5 4 7 2 1 6 0 
19.909338168631006 2196 10 3 1 4 7 0 5 6 2 
15.784511784511785 586 8 3 2 4 6 1 5 7 0 
17.10144927536232 59 10 4 0 2 3 6 5 7 1 
15.927519818799547 1758 8 0 4 6 7 1 3 5 2 
19.930555555555557 2870 10 3 5 4 7 2 0 6 1 
15.300546448087431 175 8 1 3 0 4 6 5 7 2 
15.802163833075735 639 8 3 1 4 6 2 5 7 0 
19.819004524886875 1095 10 1 3 6 7 4 0 5 2 
17.64705882352941 75 10 3 1 0 4 6 5 7 2 
23.915740198946754 3406 12 1 2 4 7 3 0 6 5 
19.905526688710438 2107 10 0 1 6 7 2 3 5 4 
19.941486249268575 3408 10 1 0 4 7 2 3 6 5 
11.961081081081083 1844 6 1 4 6 7 3 2 5 0 
15.939393939393941 2104 8 2 4 3 7 0 5 6 1 
19.690402476780186 636 10 3 2 4 6 0 5 7 1 
7.992888888888889 4496 4 0 3 4 7 2 5 6 1 
19.937362981522078 3183 10 5 2 4 7 0 3 6 1 
19.961315280464216 5160 10 0 1 4 7 5 3 6 2 
19.901234567901234 2015 10 0 2 6 7 1 3 5 4 
19.18032786885246 234 10 3 4 2 6 1 5 7 0 
23.949825783972127 5728 12 1 3 4 0 7 5 6 2 
19.331103678929765 289 10 3 0 4 2 6 5 7 1 
19.456521739130434 358 10 0 4 3 6 1 5 7 2 
15.911784975878705 1443 8 0 4 6 7 1 3 5 2 
15.454545454545453 34 10 4 2 3 0 6 5 7 1 
11.961038961038962 1842 6 1 2 6 7 4 3 5 0 
23.959516446443633 7102 12 1 2 4 0 7 5 6 3 
23.967907287720084 8962 12 4 0 3 2 7 5 6 1 
23.93793103448276 4628 12 2 3 0 7 1 5 6 4 
11.986092331466102 5171 6 3 2 4 7 1 5 6 0 
11.854545454545455 489 6 1 2 6 4 3 5 7 0 
19.838449111470112 1228 10 0 1 3 7 4 5 6 2 
19.960301707026595 5028 10 3 2 4 1 7 5 6 0 
19.16317991631799 229 10 0 3 4 1 6 5 7 2 
11.760797342192692 295 6 0 3 4 6 2 5 7 1 
23.94585448392555 5307 12 2 5 4 7 1 0 6 3 
4.800000000000001 3 12 1 2 3 6 0 5 7 4 
15.950349107835532 2570 8 1 5 4 7 0 3 6 2 
19.95800965777871 4753 10 3 5 4 7 2 0 6 1 
23.51515151515152 582 12 3 2 6 4 0 5 7 1 
15.814761215629522 683 8 0 3 6 4 2 5 7 1 
11.984462667242124 4628 6 0 2 4 7 3 5 6 1 
23.640897755610972 790 12 2 3 6 0 4 5 7 1 
19.925788497217066 2685 10 0 3 6 7 1 2 5 4 
16.96969696969697 56 10 2 3 4 0 6 5 7 1 
7.989943431803897 3178 4 1 3 5 7 4 2 6 0 
7.995285103875054 6783 4 1 2 3 4 7 5 6 0 
7.991425509110396 3728 4 0 4 5 7 2 3 6 1 
14.896551724137932 108 8 4 1 2 3 6 5 7 0 
19.60238568588469 493 10 1 2 4 6 0 5 7 3 
23.95760965557845 6782 12 4 2 3 0 7 5 6 1 
19.955634427684114 4498 10 1 3 4 7 2 0 6 5 
11.98233562315996 4070 6 2 0 5 7 3 4 6 1 
15.691566265060242 407 8 0 3 4 6 1 5 7 2 
19.97631173753405 8433 10 1 0 4 3 7 5 6 2 
23.962105263157895 7588 12 4 2 0 3 7 5 6 1 
23.944164404808067 5146 12 5 0 4 7 3 2 6 1 
19.968414403032217 6322 10 2 3 4 1 7 5 6 0 
19.960278053624627 5025 10 3 0 4 7 1 5 6 2 
23.896848137535816 2780 12 2 5 4 7 0 1 6 3 
19.731543624161073 735 10 2 3 6 4 0 5 7 1 
19.960278053624627 5025 10 1 0 4 7 5 3 6 2 
23.944315545243622 5160 12 3 4 0 7 1 5 6 2 
11.666666666666666 14 10 1 2 0 6 4 5 7 3 
19.47089947089947 368 10 2 0 4 6 3 5 7 1 
19.901332017760236 2017 10 0 4 6 7 1 2 5 3 
13.538461538461538 44 8 2 3 0 4 6 5 7 1 
15.971593430980915 4498 8 2 0 4 7 3 5 6 1 
19.562363238512035 447 10 3 2 4 6 0 5 7 1 
19.9718785151856 7102 10 1 0 2 4 7 5 6 3 
23.93617021276596 4500 12 1 0 4 7 3 2 6 5 
23.93964794635373 4760 12 2 0 3 7 1 5 6 4 
15.622418879056047 331 8 2 1 4 6 3 5 7 0 
15.985142193847938 8607 8 1 4 3 2 7 5 6 0 
11.692307692307693 228 6 0 1 3 4 6 5 7 2 
19.26470588235294 262 10 1 0 4 6 3 5 7 2 
19.9613601236476 5166 10 2 0 4 3 7 5 6 1 
15.980725794308086 6633 8 3 2 1 4 7 5 6 0 
23.9362267493357 4504 12 2 0 4 7 1 3 6 5 
11.981284117494154 3841 6 2 4 5 7 0 3 6 1 
19.925317401045557 2668 10 1 0 4 7 5 3 6 2 
11.68695652173913 224 6 1 4 3 6 2 5 7 0 
19.956942949407964 4635 10 0 3 4 7 2 1 6 5 
23.941451514535476 4907 12 5 3 4 7 0 1 6 2 
19.87569919204475 1599 10 3 4 6 7 2 0 5 1 
15.97823499404863 5873 8 0 1 3 4 7 5 6 2 
23.94420767144518 5150 12 3 2 4 7 5 0 6 1 
11.46268656716418 128 6 0 3 2 4 6 5 7 1 
11.938303341902314 1161 6 1 3 6 7 0 4 5 2 
23.93797113934956 4631 12 0 1 4 7 3 2 6 5 
19.95687796463993 4628 10 2 5 4 7 3 0 6 1 
15.200000000000001 152 8 1 4 2 6 3 5 7 0 
19.635036496350363 538 10 0 2 4 6 1 5 7 3 
23.944530046224966 5180 12 5 0 4 7 1 3 6 2 
19.896800825593395 1928 10 1 2 6 7 0 3 5 4 
23.94292508917955 5034 12 1 0 2 7 3 5 6 4 
7.879245283018869 261 4 1 3 4 6 2 5 7 0 
23.55140186915888 630 12 2 6 0 4 3 5 7 1 
11.964285714285715 2010 6 1 2 3 7 4 5 6 0 
11.965892941733776 2105 6 3 1 4 7 2 5 6 0 
19.919517102615693 2475 10 1 4 0 7 3 5 6 2 
19.855177407675598 1371 10 3 1 6 7 0 4 5 2 
11.755102040816327 288 6 2 1 3 6 4 5 7 0 
19.766355140186914 846 10 2 3 6 1 4 5 7 0 
22.672811059907833 205 12 3 4 2 6 0 5 7 1 
19.945145364783325 3636 10 5 2 4 7 0 3 6 1 
19.333333333333332 290 10 2 3 4 0 6 5 7 1 
11.983754512635379 4426 6 1 2 5 7 0 4 6 3 
23.93967322999581 4762 12 5 3 4 7 1 0 6 2 
15.957018132975152 2970 8 0 1 5 7 2 3 6 4 
19.93521218011014 3077 10 2 3 4 7 5 0 6 1 
23.070967741935487 298 12 3 2 6 0 4 5 7 1 
15.764272559852671 535 8 0 2 6 4 3 5 7 1 
15.924305144884682 1683 8 1 2 6 7 0 4 5 3 
15.610942249240122 321 8 2 4 3 6 1 5 7 0 
15.963563905493881 3505 8 4 3 5 7 2 0 6 1 
16.428571428571427 46 10 4 2 0 3 6 5 7 1 
15.974517220784394 5015 8 3 5 4 7 1 2 6 0 
11.957295373665481 1680 6 0 4 3 7 2 5 6 1 
23.96041781198461 7264 12 0 2 4 1 7 5 6 3 
15.933747412008284 1924 8 0 2 3 7 4 5 6 1 
23.958573072497124 6940 12 1 2 3 0 7 5 6 4 
14.707070707070708 91 8 3 2 0 4 6 5 7 1 
19.636363636363633 540 10 1 0 4 6 2 5 7 3 
15.955493741307373 2868 8 1 0 5 7 2 3 6 4 
15.037593984962406 125 8 0 4 3 2 6 5 7 1 
11.952910398953565 1523 6 0 3 6 7 1 4 5 2 
15.901990811638592 1298 8 2 1 3 7 4 5 6 0 
19.948519948519948 3875 10 5 3 4 7 2 0 6 1 
7.988019468363908 2667 4 1 5 4 7 2 3 6 0 
19.97679006614831 8607 10 0 1 4 3 7 5 6 2 
19.90904956798545 2189 10 1 0 3 7 2 5 6 4 
23.94582392776524 5304 12 2 4 0 3 7 5 6 1 
19.86254295532646 1445 10 1 0 6 7 4 3 5 2 
23.94418604651163 5148 12 0 4 6 7 2 5 1 3 
15.513307984790876 255 8 0 1 3 6 4 5 7 2 
19.901332017760236 2017 10 1 0 6 7 2 3 5 4 
7.877862595419847 258 4 2 1 3 4 6 5 7 0 
15.944031482291212 2279 8 4 2 3 7 1 5 6 0 
11.985297120686136 4891 6 0 3 4 7 1 5 6 2 
16.363636363636363 45 10 0 2 4 1 6 5 7 3 
15.902140672782874 1300 8 0 1 6 7 3 4 5 2 
19.905123339658445 2098 10 1 2 3 7 0 5 6 4 
23.941284403669727 4893 12 3 4 0 7 1 5 6 2 
19.47089947089947 368 10 2 3 4 0 6 5 7 1 
19.952974371032212 4243 10 2 3 4 7 5 0 6 1 
15.869786368260426 975 8 2 1 6 4 3 5 7 0 
11.821782178217822 398 6 3 2 1 4 6 5 7 0 
7.977900552486188 1444 4 1 4 6 7 2 3 5 0 
15.968984734674098 4119 8 5 3 4 7 1 2 6 0 
23.94126045278401 4891 12 3 2 4 7 5 0 6 1 
19.913043478260867 2290 10 3 0 4 7 1 5 6 2 
23.95107033639144 5874 12 0 3 4 1 7 5 6 2 
19.86254295532646 1445 10 3 4 6 7 2 0 5 1 
15.958508914100484 3077 8 0 2 4 7 5 3 6 1 
23.88447653429603 2481 12 3 5 4 7 0 1 6 2 
11.961206896551726 1850 6 3 2 6 7 1 4 5 0 
19.961382506275342 5169 10 2 0 4 7 1 5 6 3 
23.94284580273864 5027 12 5 3 4 7 1 0 6 2 
18.936170212765955 178 10 0 4 2 6 3 5 7 1 
23.705521472392636 966 12 1 3 6 0 4 5 7 2 
18.058252427184463 93 10 3 0 1 4 6 5 7 2 
18.058252427184463 93 10 3 2 4 6 0 5 7 1 
6.666666666666666 5 10 4 1 3 6 5 2 7 0 
23.896921975662135 2782 12 2 5 4 7 0 1 6 3 
23.945885005636978 5310 12 1 2 0 3 7 5 6 4 
19.95912528101369 4883 10 3 5 4 7 0 2 6 1 
11.983364140480592 4322 6 2 4 5 7 0 3 6 1 
15.946308724832214 2376 8 4 1 3 7 2 5 6 0 
19.974814255131594 7931 10 0 3 1 4 7 5 6 2 
23.944380069524914 5166 12 0 2 4 1 7 5 6 3 
19.86970684039088 1525 10 4 3 6 7 2 5 1 0 
11.96300102774923 1940 6 3 1 6 7 2 4 5 0 
11.964374072241466 2015 6 2 4 3 7 1 5 6 0 
19.141630901287552 223 10 0 4 3 6 1 5 7 2 
19.958044891965596 4757 10 0 1 4 7 2 3 6 5 
19.972493467198458 7261 10 4 2 3 1 7 5 6 0 
7.992386390673329 4199 4 2 4 5 7 1 3 6 0 
19.892357373519914 1848 10 2 0 6 7 1 4 5 3 
10.875 58 6 3 1 2 4 6 5 7 0 
7.993284365162644 4761 4 1 2 4 7 3 5 6 0 
19.875853507138423 1601 10 3 0 6 7 1 4 5 2 
23.37117903930131 446 12 1 2 6 4 0 5 7 3 
11.984886649874056 4758 6 1 3 4 7 0 5 6 2 
19.901332017760236 2017 10 1 4 6 7 2 0 5 3 
23.947155963302755 5438 12 2 1 4 7 0 3 6 5 
7.99236276849642 4186 4 0 2 5 7 3 4 6 1 
19.906015037593985 2118 10 3 4 6 7 2 0 5 1 
7.977931034482759 1446 4 2 3 6 7 1 4 5 0 
19.766627771295216 847 10 0 3 6 2 4 5 7 1 
15.927887323943661 1767 8 1 0 6 7 2 4 5 3 
19.961240310077518 5150 10 0 5 4 7 1 2 6 3 
23.941427699816963 4905 12 5 3 4 7 0 1 6 2 
23.947010119595216 5423 12 1 0 4 7 5 2 6 3 
23.959499367177614 7099 12 0 2 3 1 7 5 6 4 
19.919678714859437 2480 10 2 1 4 7 0 5 6 3 
23.87984981226533 2385 12 3 5 4 7 1 0 6 2 
23.909887359199 3184 12 5 0 4 7 1 3 6 2 
19.96683800364782 6021 10 0 3 4 2 7 5 6 1 
23.552795031055904 632 12 3 0 6 4 2 5 7 1 
15.97389885807504 4896 8 1 2 4 7 0 5 6 3 
18.52941176470588 126 10 2 4 3 6 0 5 7 1 
15.946555323590815 2387 8 0 3 6 7 4 2 5 1 
15.984218961903586 8103 8 2 3 1 4 7 5 6 0 
19.959192001632317 4891 10 1 3 4 7 5 0 6 2 
10.153846153846155 33 6 2 0 3 4 6 5 7 1 
19.76798143851508 852 10 1 0 6 4 3 5 7 2 
